"A","B","C","D","E","G","H","I","J","K","END"
"A1",0.227278348780269,0.208754707812954,0.00891670247397409,0.109819176286541,0.14353006639458,0.00721930769922661,0.0560278647978378,0.051963294869751,0.0600276905430926,0.126462840341774,0
"B1",0.258654309921687,0.0299369374863054,0.0619511525202907,0.0119703859753045,0.0125253471974796,0.0851789646694547,0.264090525234207,0.0398135641070393,0.200533276835354,0.0353455360528768,0
"C1",0.00843993198201934,0.063577797457959,0.000202403232588543,0.273164805427341,0.000101117962193458,0.260792735056075,0.000108105962225096,0.29114803497598,0.0180206765454282,0.08444439139819,0
"D1",0.177485599079956,0.100561434465785,0.115369008716428,0.0475017667287396,0.124533917751054,0.091134434653597,0.0590852779948447,0.222779342510106,0.0486633407200898,0.0128858773793991,0
"E1",0.00445081165114951,0.082977184046283,0.154206971000323,0.2934685748573,0.12625049695513,0.0946340735766063,0.0688722335981735,0.100367957267803,0.0375964273534228,0.0371752696938087,0
"G1",0.000128318520014247,0.227166454786392,0.125593774730335,0.0408886321250225,0.000130919199898256,0.0223852518412214,0.161319468619098,0.233960846554766,0.0989536624583982,0.0894726711648544,0
"H1",0.0781799080761414,0.0202937784837428,0.0395692359112806,0.022587989472179,0.0988412743711973,0.0279795664633779,0.00816419464436471,0.0920509845992384,0.225105980340042,0.387227087638436,0
"I1",0.172246694475592,0.0422161767820564,0.18435790095207,0.0646883632808177,0.0521200915637373,0.0845082046640082,0.0855063464108739,0.0222542405097861,0.0321323114728965,0.259969669888162,0
"J1",0.152084677891207,0.241128271803963,0.029149247550595,0.0277790110787533,0.0773472719424391,0.074341170735023,0.109845691179239,0.0661368900016662,0.0794670587903629,0.142720709026751,0
"K1",0.00968072746932037,0.0606684525169923,0.00547475693526419,0.11031147485356,0.00412066398559826,0.0994981707078769,0.246946195223863,0.291516568345605,0.153189678627884,0.0185933113340366,0
"A2",0.0446178910183469,0.155385138519362,0.0768514955194171,0.037169609734847,0.000238021673639133,0.000273983764576492,0.308710748254476,0.000485452800093807,0.259348370240238,0.116919288475005,0
"B2",0.269576355481089,0.0326648105872923,0.0226410696393794,0.000344234863439936,0.0656513210096611,0.182978148982613,0.0190621878370952,0.112205804477966,0.116280641845318,0.178595425276147,0
"C2",0.095601162390071,0.0850188385880604,0.176888077599368,0.194040466811832,0.0186532523652454,0.000636379335464929,0.0661721994249129,0.139063902138362,0.0998101475076299,0.124115573839054,0
"D2",0.0391805076136756,0.0810973219950331,0.131198299479016,0.0823080131967413,0.0345856840716571,0.173770092000899,0.029534784241182,0.2992204593351,0.0828869129543596,0.0462179251123367,0
"E2",0.000160657975280609,0.847642945796364,0.000528641460404286,0.000612594662120586,0.00118323137797712,0.149098876611465,0.000236713682374705,0.000164835176913126,0.000232327793100584,0.000139175463999925,0
"G2",0.0377513109991006,0.000356134657299365,0.049428356248648,0.0841135732288106,0.341825639444133,0.176357254123147,0.118705858330055,0.0862731343789243,0.0230468417523213,0.0821418968375605,0
"H2",0.174860312648131,0.220437129248924,0.0809403374390405,0.0228819828595374,0.0716896852206966,0.180861162916679,0.000104631931925603,0.0493357368459408,0.0522008526019908,0.146688168287134,0
"I2",0.191879074480841,0.176495974823202,0.168519491721498,0.0464415551929324,0.0109503989139233,0.0715656758183106,0.1239637188313,0.14579600001543,0.0378789522017512,0.0265091580008113,0
"J2",0.107961858101771,0.0918343641059184,0.000178679187528277,0.0617647382118674,0.0505470281705215,0.312265895672126,0.13207599542159,0.0455346904175134,0.0143926940453598,0.183444056665805,0
"K2",0.174916684490555,0.056932034163925,0.0786163437646234,0.199638821109849,0.0618348006628782,0.105621269529462,0.237536916795508,0.000236174556140029,0.0430474252018052,0.0416195297252541,0
"A3",0.0949913445726429,0.000434272423265548,0.00164732239451902,0.277436892441745,0.187883636785992,0.0591505499786159,0.126833369260318,0.0565235784094337,0.0165555244173914,0.0728383667164009,0.105705142599676
"B3",0.0528372037019874,0.00015556096997036,0.000158786469076402,0.320204802199457,0.000238640864176487,0.000434260424372936,0.364398985946819,0.0876840506256987,0.123247207796796,0.0505306209867003,0.000109880014945249
"C3",0.0529263362566652,0.241690707164317,0.0909956974483585,0.131210015449141,0.000461001458686729,0.0284797051582955,0.000180219895880065,0.186914709338398,0.198882390809864,0.0482364377020895,0.0200227793183052
"D3",0.120780202674934,0.0624899821687031,0.000863995490224677,0.172934919017883,0.116282998076728,0.0416719972051227,0.11554515546586,0.0803487042675582,0.103360862511269,0.170924391411352,0.0147967917103663
"E3",0.0329040757565752,0.000146211737725795,0.27318064523321,0.0709795011887286,0.155102276398696,0.00561978236803506,0.298150254733546,0.144987255642002,0.018605315962219,0.000163011517405172,0.000161669461857659
"G3",0.377163190090028,0.100487335158706,0.0534680799069043,0.0155132043564013,0.000399992778019977,0.104180067578702,0.056846894709849,0.000724357932140642,0.248143659418943,0.00479669032970007,0.0382765277406057
"H3",0.000416702101740807,0.000218820525118579,0.342259152780852,0.0295540551065999,0.0847862974844615,0.289005892245364,0.000312487004704766,0.0552045326367036,0.000569676338381765,0.195017698163272,0.00265468561280135
"I3",0.151002003602514,0.0394661328317833,0.0205789155680245,0.000148505986102745,0.29900731207291,0.100667285651847,0.156681884894434,0.0227287633103151,0.064422962767887,0.12220869317386,0.0230875401403224
"J3",0.000187160039321696,0.0284123031030401,0.000612233574824155,0.353289500037229,0.365832136159561,0.161537006067673,0.00546946092036707,0.000118370157357481,0.0783110715959052,0.00595870078016153,0.00027205756455982
"K3",0.120049886018612,0.000179495971085219,0.133563605125381,0.000269500847189399,0.000131391611403886,0.00102618218557797,0.135578181018346,0.32161358445993,0.000161956001624401,0.000241998130904374,0.287184218629945
"A4",0.0628378445019492,0.169007054285711,0.119295772217137,0.161031467762858,0.0875027479420072,0.0949405781730342,0.0526813531811766,0.0751811822149842,0.0842860067946922,0.0370235522066821,0.0562124407197683
"B4",0.0205222336655956,0.0496545419354045,0.150606366846192,0.0406873539882497,0.346935978471753,0.0135651847841711,0.113271094333361,0.0952277374859123,0.108949260250873,0.0504797297836348,0.0101005184548537
"C4",0.0220908576645461,0.00362745961067036,0.00643743187335443,0.0957549572801714,0.150835163201048,0.131136147881799,0.115709043968013,0.0325591815743717,0.14817604836102,0.196515121073909,0.0971585875110964
"D4",0.027650592129783,0.024119746891876,0.0159639081613541,0.0268868155799088,0.00820552140077307,0.229599903515124,0.0373847024668565,0.322174137022048,0.0573228911969298,0.131531213704866,0.11916056793048
"E4",0.054424512644288,0.0736352027994853,0.0425684584062094,0.038029558158222,0.0599735688142582,0.000112589100439981,0.22113364010338,0.350206833084123,0.0819295478693592,0.0391065213514243,0.03887956766881
"G4",0.111826690813785,0.0156441497585214,0.205397697600203,0.0602212618233636,0.248824783611172,0.0927054061384757,0.0571480136987591,0.0369210052245638,0.00390411185891424,0.163193676313567,0.00421320315867481
"H4",0.111014353931412,0.050453325564673,0.307576910724371,0.136797029795335,0.0255210383665067,0.0313804669506895,0.022255211520091,0.0334671718342508,0.0714111115678317,0.174752390321338,0.0353709894235019
"I4",0.244810844732207,0.248846357076338,0.0911698490526734,0.0336960641220421,0.00138025468487433,0.0111903986071263,0.035132014295413,0.232773499761024,0.0204607424032465,0.031596876596977,0.0489430986680782
"J4",0.0182888604602297,0.0150961171225301,0.0299946543370516,0.169254461803641,0.333568269005428,0.0564466447975909,0.0407007571014686,0.0358127592944596,0.0303169591396989,0.0927660741401297,0.177754442797772
"K4",0.205118798896142,0.0346077656743155,0.0159463290897015,0.117385232357216,0.0260267014850662,0.0346591020113363,0.0685493092806677,0.200899854724858,0.00550131491422125,0.129732907464859,0.161572684101617
