"A","B","C","D","E","G","H","I","J","K","END"
"A1",0.0980962232665059,0.2514496926725,0.150276970348446,0.0497520376989034,0.000100113679632204,0.252521116948804,0.0994049426173638,0.0981929517830646,9.99124668622679e-05,0.000106038517917819,0
"B1",0.000563193983535146,0.257511605489139,0.0438429243240526,0.000100365042348696,0.000123890233511759,0.256351777465609,0.370775633673658,0.000151730659853995,0.000105656347873443,0.0704732227804183,0
"C1",0.000108458674465665,0.000185951951540199,0.0359807389161891,0.215494650596974,9.99541805909346e-05,0.179408526772799,0.143582248525312,0.108454098322398,0.0359077702243352,0.280777601835396,0
"D1",0.0241396353635731,0.09650496199034,0.111661062838296,0.10792555620321,0.0672756783308182,0.141602420572049,0.113735925039797,0.120574856102634,0.0719815846936118,0.144598318865672,0
"E1",0.121816459046862,0.0485748273767214,0.121655886192675,9.99104643632118e-05,0.12182177504645,0.121860864273186,0.0609610619211269,0.182635028560559,0.00010010432498693,0.220474082793071,0
"G1",0.144646380442141,0.191954160748008,0.0359536147053854,0.0720606955698725,0.0181712484402791,0.183470927413012,0.146678782370229,0.115415448961783,0.0914480570687463,0.000200684280542433,0
"H1",0.105612136824096,0.333739801291447,0.000187047602266338,0.000123025698279087,0.125891294214998,0.000120330242463092,0.191642267367789,0.000101097027001074,0.000100355178640101,0.242482644553019,0
"I1",0.0234640405188191,0.0821727363638304,0.0229523386208947,0.134084260896229,0.000146564782910001,0.248343324761052,0.160147116957874,0.121485421872278,0.0913030518967685,0.115901143329344,0
"J1",0.0336236451644619,0.0336765291572836,9.99267176073715e-05,0.137435828361483,0.000100395990280191,0.0716897069638215,0.13780860048083,0.204126210717986,0.172077792627012,0.209361363819234,0
"K1",0.0294481007896,0.000101759539617919,0.324686958202635,0.00011409601746927,0.0534967678476927,0.133338151753133,0.0457185908063795,0.241350281559307,0.082870826064897,0.088874467419269,0
"A2",0.0721889714710125,0.0362872521478046,0.541266741609708,0.000110318909476886,0.107955757718054,0.133134182019326,0.0001233223135778,0.0363096845670699,0.0724920821167505,0.00013168712721934,0
"B2",0.259136471856523,0.000127895252585877,0.109763123960621,0.000103277596416561,0.350330457337239,0.000115145900961882,0.137787387370649,0.000115803650850718,0.0901751778462394,0.0523452592279135,0
"C2",0.178179167237166,0.000319502175081378,0.000204646284822152,0.360098216602435,0.224052530260897,0.000273546166175791,0.000338598741597283,0.179106801903323,9.99104284844964e-05,0.0573270802000177,0
"D2",0.210029208657205,0.000126738713525099,0.333339199577616,0.0283368303937749,9.99238309212085e-05,0.000156717378245328,0.31971975187763,0.107934990800703,0.000100830056471668,0.000155808713907303,0
"E2",0.0474024814561975,0.324193628003392,0.000235008126316615,0.000107371014979029,9.99104174854142e-05,0.0994582990908336,0.0470124257560714,0.142772619548281,0.226316596715514,0.112401659870929,0
"G2",0.0360335683584339,0.0721260910710714,0.00062724033283302,0.000591923705960226,0.0761373288362971,0.233765083038416,0.101492169393099,0.0289815544829733,0.19722295789445,0.253022082886467,0
"H2",0.000113150624915627,0.0459778723152452,0.317978307949917,0.0939825449181532,0.0889787706321063,0.213518100147991,0.0538461920695206,0.0709446060151414,0.114132675869736,0.000527779457273645,0
"I2",0.187061012078176,0.247264603979708,0.0940875135408276,0.0473451359656387,0.0940925811219655,0.217317970028157,0.000199824268110324,0.112368812743178,0.000101140535741089,0.000161405738498363,0
"J2",0.173215305728147,0.379213766311444,9.99209062435627e-05,9.99101795182278e-05,0.000101014215289256,0.291684553608527,0.0430381082763512,0.0774958004116439,0.000121897910729722,0.0349297224521062,0
"K2",0.0963069770176541,0.0350930859893095,0.0910160521536856,0.209383607352838,9.99858267991612e-05,0.00035797343190879,0.0751632058156244,0.176382309667144,0.192617415939747,0.123579386805289,0
"A3",0.211737058729355,0.119646299534922,0.000611885185203988,0.347653989127915,0.0238813667863734,0.000100233522619319,0.0698163828452416,0.000130249472460426,0.0698824633023196,0.155707092164996,0.000832979328593412
"B3",0.18742574855411,0.000119783245202501,0.0279178410625043,0.184573669947286,0.000100360195986083,0.139526014978098,0.000141591645511164,0.124078731356802,0.000126493910422482,0.266082431882545,0.0699073332215334
"C3",0.126785219077156,0.235894504129067,0.0764144158966499,0.000167808323497892,0.203131202643463,0.0520949443664444,0.221724438653403,0.000114430335850187,0.0254077089535216,0.0580800538159688,0.000185273804977296
"D3",0.0965806226428298,0.108638259839605,0.0339191398724755,0.120453371536632,0.0684661556281188,0.000100877059804368,0.354347734985545,0.116646911018837,0.0168145199551032,0.0612877081541019,0.0227446993069466
"E3",0.155518823755907,0.000215877531746413,0.000170867698542355,0.558443556856844,9.99053039498082e-05,0.140570703803551,0.000497270851016559,0.114949621363449,0.0290433351403104,0.000175760601845388,0.000314277092838201
"G3",0.000111798216617991,0.113204860365486,9.99368841420745e-05,0.0311114260821177,0.367389448448795,0.000215510602470472,0.0663270618014099,0.105184830406153,0.0361848144569505,0.00011388920762901,0.280056423528229
"H3",0.109993244451128,0.0169656065419973,0.0361791478821939,0.683915938627227,0.000140612828989921,0.0752544383894489,0.00203761756715123,0.0441826080077463,0.0311196948061615,0.00010509471439243,0.000105996183564053
"I3",0.0597897856771927,0.104659801741691,0.0184507330959815,0.110080783965362,0.0374052503359668,0.000106889886053429,0.0550709883984613,0.164997396453421,0.150517158092564,0.292987044691521,0.00593416766178515
"J3",0.000100158922989138,0.00010356537854242,0.117473172341375,9.99013583691217e-05,0.441191874185942,0.117254059202663,0.161854186426161,0.0540271417453612,0.000127993432393438,0.107627831371814,0.000140115634389361
"K3",0.00011543366299311,0.000356102638835494,0.0334356485692028,0.127340151927486,0.255902059632024,0.000100061867276441,0.0360279954677813,0.360116673917566,0.000101399242448545,0.184855431006933,0.00164904206745346
"A4",0.191467741133403,0.0535800949205957,0.000100926838223389,0.0976487092314028,0.00010135876907365,0.0387538422025569,0.000114642245111571,0.0966969822564036,0.135357588383496,0.000168317703576783,0.386009796316157
"B4",0.077555217542257,0.0238176632715924,0.320835304086247,0.0170822868699509,0.0238309458998706,0.0932398371834518,0.0939876797664805,0.0664770851913009,0.0475371685327015,0.155958630666366,0.0796781809897806
"C4",0.000103587215602302,0.326024976307551,0.213970633003294,9.99010983192123e-05,0.000105834528413409,9.99010981923307e-05,0.160753235644403,0.0242250889883893,0.0307313038289938,0.0613615097264136,0.182524028560428
"D4",0.237579920029214,0.000194682066953016,0.0181687349879774,0.12590089139814,0.11105260309984,9.99345446887416e-05,0.130832995359151,0.114410343867681,0.0191633172969922,0.0511500096589253,0.191446567690437
"E4",0.0948717626577734,0.105499980207846,0.184462025410855,0.324533629448887,0.000100427791378838,0.0262992125799511,9.99011519715466e-05,0.000100038550927216,9.99030338106626e-05,0.211329156426733,0.0526039627398656
"G4",0.182923858841444,0.000100028673081892,9.99017759139582e-05,0.274366036734528,0.000137910029755284,0.182940829613013,0.358975564428754,9.9901306885632e-05,0.000100053387327146,9.99027479809222e-05,0.00015601246131612
"H4",0.105313427690789,0.0322993883061178,0.000316192721073656,0.60270519575254,0.0993513909780369,0.000101671635797449,0.00010014355658209,0.0331976018115659,0.12641460900282,9.99921838852531e-05,0.00010038636079265
"I4",0.108082819364928,0.33003748257482,0.000101052054248265,0.000116241582802911,0.000176005616156228,9.9901869237625e-05,0.00010475140248218,0.000177492326642294,0.455436084202607,0.00012846316019877,0.105539705845877
"J4",0.102043634526878,0.034111089320417,0.129797796968327,0.0340811476259762,0.197064144909496,0.0680367772576895,9.99021362184835e-05,0.135916757511197,0.0680221112938684,0.000100026182084219,0.230726612267849
"K4",0.0737909537159206,0.0731653125012372,9.99899699563855e-05,0.169743305924334,0.198606545972241,9.99161482747739e-05,0.0662596581865296,0.149738519983613,0.024669002837066,0.000169413952297905,0.24365738080853
