"A","B","C","D","E","G","H","I","J","K","END"
"A1",0.0194249757384461,0.0562371038731084,0.0696684234520906,0.00521685232199713,0.0622712612344229,0.266792281285751,0.152245199972361,0.0152653745159718,0.158872180040446,0.194006347565406,0
"B1",0.035032265014694,0.0730691892023044,0.327523788670601,0.0329523958604133,0.115021756343816,0.0603619500299521,0.244469863014822,0.0180532587329697,0.0839272347176938,0.00958829841273422,0
"C1",0.132411674335046,0.00746759599450007,0.0763788638241761,0.0436844650689729,0.13305273982087,0.00111911141308158,0.0683965158545872,0.119047456881403,0.0933072182298464,0.325134358577517,0
"D1",0.0485733409442033,0.219180060892443,0.0607886478916243,0.0875865605794905,0.065099248044591,0.370107017005978,0.00394769047910437,0.0823578819528101,0.0571970277152251,0.00516252449452956,0
"E1",0.138095045021258,0.165220605225996,0.138566596330754,0.0516588641908706,0.0912139393380416,0.22159605758137,0.0339656412089436,0.0636175126946777,0.0418264691583202,0.0542392692497677,0
"G1",0.00394214174581787,0.0488956292112013,0.0398671402863122,0.181118378506627,0.056692876109727,0.337394044336031,0.0834426853194528,0.0254346020358109,0.201638199083366,0.021574303365653,0
"H1",0.366647368953536,0.0437262998234063,0.0154467580877855,0.171801398990942,0.0218616985971564,0.022717617933589,0.00313971728446612,0.0565918620621014,0.255430551525855,0.0426367267411615,0
"I1",0.0408808809293223,0.0273201246511971,0.0941870030895887,0.0221247686953863,0.0233595879468463,0.135193956296488,0.237287592933222,0.0519215060720611,0.28596845485967,0.081756124526219,0
"J1",0.132747865405714,0.103467561438431,0.184257013859044,0.146073579678331,0.0287354307495258,0.123388820915746,0.0505513927610717,0.0476488793816935,0.107524588686565,0.0756048671238786,0
"K1",0.0454702602632649,0.0257288769837573,0.0113663923313949,0.0862545198635261,0.16450865806594,0.0774240608697377,0.0418492744590933,0.37955049687642,0.0847712563326667,0.0830762039541999,0
"A2",0.0565628572606032,0.184009415490596,0.0241129342456077,0.125359454463538,0.00671433548453039,0.0619410080558073,0.268572908750191,0.184159127761361,0.0391790035994702,0.0493889548882949,0
"B2",0.263206054035553,0.0213316529439225,0.116725671313973,0.0340738947283633,0.290779145483241,0.0663373650349029,0.0378735130047397,0.00200452914469871,0.0270575519502708,0.140610622360336,0
"C2",0.27431057305509,0.21720911519343,0.0370449318910499,0.0422118983956041,0.00253164540808896,0.219045988526536,0.0198068152810716,0.157237418991086,0.0205983279702487,0.0100032852877942,0
"D2",0.0916579117467372,0.0129146831703616,0.177099200487176,0.121860376267436,0.0379377994884796,0.10472961781021,0.137963703371049,0.144511360718538,0.028036742379045,0.14328860456097,0
"E2",0.0312507412181237,0.040608879285772,0.121514885946872,0.00884451551855234,0.227303085093973,0.300577431983707,0.169746550292454,0.0211319233882566,0.00984127544724861,0.0691807118250406,0
"G2",0.09237159815194,0.103127565942449,0.21487112958513,0.00335527914563032,0.0941639619007687,0.00828588503307129,0.382334451252982,0.0665304650124544,0.0334313596457447,0.00152830432982864,0
"H2",0.18514270738622,0.0334043627006134,0.0227159142027136,0.0735140902516232,0.106452907954464,0.136806695980635,0.177690970676556,0.250268362869687,0.00169114214510708,0.0123128458323814,0
"I2",0.0107323023136744,0.238544906564961,0.0968338330129877,0.322476162746893,0.051722492609481,0.142420740883857,0.025697169378717,0.0558600342938194,0.0549645530652373,0.000747805130372259,0
"J2",0.035466339661971,0.191034795762441,0.0730776442097913,0.0583021032683518,0.0869136707195844,0.107206637072041,0.0235922712501961,0.189093563030517,0.116365549178821,0.118947425846286,0
"K2",0.122161951855424,0.0697482247277946,0.227559687758565,0.169427546811099,0.137819107902496,0.0508682841552498,0.0426775031199155,0.0086438623589441,0.101185475317243,0.06990835599327,0
"A3",0.194514552772588,0.0427461590707881,0.0164455056942282,0.0297197328347406,0.105494564116909,0.00229394419079128,0.00901608174683907,0.253798540145905,0.0305907776385011,0.29714306315483,0.0182370786338796
"B3",0.0832535308718085,0.0334731291163004,0.106168550538995,0.00050777627126194,0.109362390410317,0.248623833678735,0.0428284915920886,0.0990629543551591,0.019311564758567,0.106347166022304,0.151060612384463
"C3",0.33028873835412,0.04506512324613,0.00231083506292304,0.0100780370564015,0.195597455570293,0.0797154617906949,0.106134226298439,0.154516089620734,0.0655731495031321,0.0104204249049717,0.000300458592160739
"D3",0.159984374122603,0.0605836291628427,0.0131476942090215,0.15533251199193,0.0147464742521209,0.000205969393190455,0.210925613951536,0.078112352071858,0.044523765757285,0.0294511584749414,0.232986456612671
"E3",0.299028674046069,0.0885110256689865,0.0171283016347143,0.222244982229784,0.000957802892557874,0.11047831596163,0.0403690293436582,0.00439915076914285,0.188346531646281,0.0283632266057735,0.000172959201402442
"G3",0.00192959525973607,0.469427455711717,0.119670373132522,0.0230738092435313,0.00118883526970787,0.0655603919484134,0.000823693542340645,0.0907730181140338,0.0521413679033129,0.00664202915062027,0.168769430724065
"H3",0.0264363852648755,0.32219620856339,0.00638387276742826,0.0933094840382038,0.118731546095041,0.0192434512319193,0.011080630392554,0.213396733179464,0.169454894100046,0.0132830819934179,0.00648371237366041
"I3",0.067924320014295,0.0942574370575492,0.0599243122358624,0.0787970411711457,0.0952716662231119,0.183242422460234,0.0826257771568603,0.0834326491831014,0.0494736826474604,0.189899248384232,0.0151514434661476
"J3",0.0036616412652152,0.0551259259049287,0.039499115728801,0.00817626834748973,0.00592479050270487,0.120744211149352,0.0873700880263545,0.221073078684063,0.32753068610619,0.118447547880441,0.0124466464044596
"K3",0.00791278370718171,0.025110196753453,0.227705800064888,0.0809519316204667,0.105702186693232,0.139563750541391,0.182550706690585,0.00728062671403274,0.0215516641406967,0.128408988445722,0.0732613646283519
"A4",0.150893156816867,0.195294081999177,0.124150091153113,0.0485196518082203,0.330882109397763,0.0414220567302895,0.00537261022450613,0.0157074584023922,0.012216712202785,0.0611750881097276,0.0143669831551587
"B4",0.065425292657008,0.0994752618328895,0.0495519196885836,0.154611831125285,0.186359997934871,0.0146961939554247,0.273619989246729,0.00653264071928357,0.128442020793191,0.00763212417842108,0.0136527278683128
"C4",0.00612213288924875,0.043071368012549,0.204347120016443,0.0259325625900094,0.0200536934122628,0.0912760397029616,0.142532566979679,0.146667002292248,0.147923496175922,0.0370708998953082,0.135003118033368
"D4",0.0863988031938214,0.115221331899415,0.183909004419765,0.032654643940063,0.0230016805329188,0.112354606340331,0.114104529192451,0.039151783606565,0.0375020443428244,0.0371243744865261,0.21857719804532
"E4",0.0379264003062609,0.0276006164243602,0.0894864747402271,0.198716512714967,0.245462228685457,0.113440322538195,0.069261213610948,0.021477184288799,0.053628805121206,0.133897243011318,0.00910299855826224
"G4",0.101752330447561,0.0594406161153337,0.0198853734696858,0.0101225549427618,0.30810284661942,0.0443720337622988,0.046788412434437,0.0954161823208972,0.116848426182487,0.113866704699975,0.0834045190051428
"H4",0.0166543228055042,0.00911037364808761,0.000319972610079593,0.018019740629129,0.0125054946127446,0.0723545096015054,0.154825322532373,0.314363877649653,0.0759630585897217,0.0373252191380128,0.288558108183189
"I4",0.343756444169971,0.150765572020397,0.143282810989365,0.00512071103802423,0.139222966687259,0.0114601953779188,0.0255249967411475,0.0917009813075822,0.0362637402893851,0.0440837368469071,0.00881784453204363
"J4",0.0365503864202392,0.01659941864039,0.130043390157945,0.0211440595233334,0.10426220217421,0.00721084444241719,0.113264937330109,0.144363959535455,0.271042773716481,0.00603093633254768,0.149487091726872
"K4",0.107475370967116,0.0300921947222242,0.0474150260139416,0.161179318161429,0.162311481421347,0.0981850254129696,0.0591449938224575,0.17223315550174,0.0420542786988505,0.0507754403549293,0.0691337149229958
