"A","B","C","D","E","G","H","I","J","K","END"
"A1",0.0840677430666942,0.0226670788931919,0.0293763277485238,0.000126549287771336,0.345565859054312,0.00417075595641553,0.00852921827818198,0.112077841704317,0.245138162639803,0.148280463370789,0
"B1",0.0290700387083945,0.282184400651262,0.171841581981836,0.0334707553066466,0.148461774544619,0.0318673564017192,0.0629392923208673,0.0568438012894074,0.0936192230778453,0.0897017757174029,0
"C1",0.344710829016004,0.0341531873534832,0.114279918721534,0.139923248650371,0.100091594582889,0.014974750679828,0.13521433423161,0.00010894202509711,0.105293146235123,0.0112500485040607,0
"D1",0.329711903791248,0.01178328573222,0.000160363452080875,0.134439987474246,0.072867221496446,0.0415429903044832,0.0128165242882795,0.152694492593585,0.0892060243124271,0.154777206554985,0
"E1",0.135695394934542,0.145796647992889,0.134532762250559,0.0592311404846533,0.0727283807124651,0.0301109089086149,0.000142129320012333,0.278244792168497,0.0986904567813664,0.0448273864464017,0
"G1",0.197675518453037,0.0474460620769291,0.228398887953384,0.148438875812655,0.094463903272703,0.142943750692822,0.00475902142183525,0.00617497907453181,0.0137430004312582,0.115956000810845,0
"H1",0.0335448387934084,0.169328128478688,0.00981388831247281,0.248791437369603,0.166980597319612,0.000146144845882755,0.263918564522363,0.00944516000872424,0.0685982932057715,0.0294329471434747,0
"I1",0.000331400137747136,0.0315861789636703,0.0697316022101108,0.0435684650702056,0.0738577487101437,0.260842039889153,0.327434854068733,0.191509843544043,0.000100113089841347,0.00103775431635245,0
"J1",0.00733865413184781,0.00961421330193451,0.176889301943902,0.000130191096876184,0.293408829301039,0.0965932720099001,0.181165767316928,0.0976181133676209,0.0973366199388704,0.0399050375910815,0
"K1",0.323065325985635,0.153890857016888,0.0394489471861342,0.0478189103262403,0.000182254819105116,0.000146054619170228,0.183014621588255,0.000136422205989335,0.185063018824409,0.0672335874281744,0
"A2",0.000532439776632684,0.123058068377048,0.026856276045423,0.0912642989845629,0.115541614640249,0.198443746146021,0.00780917422948939,0.0825717872983056,0.134589341552306,0.219333252949962,0
"B2",0.0528197132492252,0.19138940018027,0.100021405912605,0.0970918005483329,0.00715010374025276,0.0228971405391874,0.171417698282888,0.207551529062274,0.149435832292451,0.000225376192513816,0
"C2",0.159835018865289,0.000925725113807723,0.0510207922717275,0.0637116111673136,0.277140315601148,0.175834869954544,0.0354750891501311,0.0197905949133707,0.147067980878662,0.0691980020840065,0
"D2",0.0627435246451267,0.0669774908568626,0.0711867673190565,0.00585326612970986,0.118596939596185,0.0453283330200605,0.187938675935784,0.21984021150827,0.0185004107901405,0.203034380198805,0
"E2",0.0992448403349126,0.0124386091032907,0.239787380430958,0.145373284787484,0.000313454047753901,0.0397979905565945,0.0850399824391422,0.0058887452251454,0.0135418266164063,0.358573886458312,0
"G2",0.00261469587560495,0.0179671059438114,0.117066840671932,0.0288614284288913,0.365263122507994,0.182596304218309,0.000115844065608156,0.0722872601571486,0.110972276246512,0.102255121884189,0
"H2",0.0448183845223677,0.114428227031575,0.0548821943274512,0.0836570926502897,0.0837072652021867,0.0689623765873957,0.171758480228933,0.0437452894391782,0.1087763913265,0.225264298684123,0
"I2",0.275684349476022,0.0368220757489753,0.00128594950119765,0.0965909341124829,0.253485347782148,0.0688219879897191,0.0666308598126236,0.00131319835087324,0.0194165622658046,0.179948734960153,0
"J2",0.101685525370176,0.220444833788864,0.0715379209966979,0.00454118184305695,0.000197244984604875,0.0163380671771312,0.110478311646239,0.0664749813382313,0.0723324588917537,0.335969473963245,0
"K2",0.133805795322741,0.0505260799563753,0.0200252304239122,0.15576299547869,0.257807531441713,0.113728354872477,0.124630725022887,0.134989384268315,0.000155740925261323,0.00856816228762753,0
"A3",0.129900071943778,0.0798543468533633,0.0472222379236565,0.0524702433806212,0.00367405517000188,0.0736420917007481,0.00253944188771537,0.180390426650075,0.139648347937676,0.126980085296846,0.163678651255519
"B3",0.110511893696156,0.278934693565299,0.0286292000092482,0.000336147790214365,0.14604025935762,0.167501127571521,0.0127484434027227,0.107277451767045,0.0521649118906185,0.0886692726287992,0.00718659832075699
"C3",0.147578782107495,0.0187445320242717,0.123783957999291,0.255076629823626,0.0113085582415396,0.00335922885497196,0.327215442975965,0.031507394942819,0.0810829747888114,0.000216882348624028,0.000125615892584345
"D3",0.000211576199989476,0.199333097888639,0.000262784965339765,0.00011352509880411,0.000128179792415419,0.191508189085398,0.341131777831648,0.119514729311391,0.000171439040299359,0.13371186191042,0.0139128388756569
"E3",0.0152052898072091,0.118111051465559,0.0486345560203183,0.0226335609804114,0.119840250413921,0.134759806055926,0.000218397255327197,0.0953556408276362,0.042091709736322,0.0484580563086785,0.354691681128691
"G3",0.361085829702093,0.00862628157781577,0.0162441841585717,0.00012044205374636,0.000237848748788103,0.0329793472265712,0.134091672747773,0.0983844268110189,0.146525944252341,0.186465249720862,0.0152387730004182
"H3",0.0677517301961862,0.000601706556794026,0.0527464684339833,0.0211332590901194,0.178470266011362,0.000136580493885031,0.232257993397195,0.0959205306445594,0.151467966307622,0.164692718554775,0.0348207803135181
"I3",0.0442837013632549,0.000486857577407054,0.187786124541958,0.00111679456383418,0.108277731603075,0.205605160341316,0.000755292402047787,0.314068896163037,0.0279962046247327,0.0874291017391882,0.0221941350801488
"J3",0.290808500964446,0.000542323940495674,0.000474713301165354,0.000141270438861622,0.0891988958311552,0.00046300953392918,0.00454842494888361,0.171785981819298,0.0368949836795055,0.404119334779747,0.00102256076251316
"K3",0.023567366365609,0.18691998130019,0.504675984408548,0.0603004742862913,0.0313926333592703,0.00497012189870723,0.00122059244204256,0.0832320269900696,0.00616499770901119,0.0369648627729851,0.0605909584672762
"A4",0.135275927514924,0.111409120842532,0.0538602931661923,0.0205590924249496,0.0763160469857271,0.0145154598135041,0.120009999529004,0.016479440860692,0.279807604407667,0.168855185532451,0.00291182892235799
"B4",0.0771710197470379,0.0380909692082392,0.0436445304971509,0.123592595452076,0.266475873034809,0.0356809022192131,0.0270918057491836,0.0406623106985087,0.0836214238902613,0.13972080963328,0.124247759870241
"C4",0.201899770643091,0.0957180197874491,0.0695704325968238,0.0859144251522777,0.00252351810580914,0.000101063181336541,0.14500325298346,0.020141366741042,0.00371355792010055,0.153148102089567,0.222266490799043
"D4",0.0892649622848903,0.100642105059503,0.113067478678745,0.000103157288891087,0.00296640421903778,0.241568388454994,0.046129789193437,0.0550318704537678,0.29752541182079,0.0461470772172299,0.00755335532871439
"E4",0.0904664790369328,0.22673360946873,0.116480195074348,0.00450237668920984,0.0442876662848613,0.0407898167933421,0.0308643594744541,0.0435837910946842,0.0570392930244262,0.246355346248277,0.0988970668107352
"G4",0.218764949684491,0.0477252901513295,0.152915414469746,0.0280360425869094,0.0515487208782572,0.0185271744404082,0.253854948883219,0.00354169630598176,0.190377859835444,0.0308852381282682,0.00382266463594615
"H4",0.000101868211679098,0.237110942288946,0.0108376512677025,0.0168122615556944,0.0868569571723417,0.0403887354621864,0.0234645845923288,0.0249796603526876,0.369190844894764,0.140402577632206,0.0498539165694633
"I4",0.0170954605193782,0.115825394679117,0.16103593058513,0.0307638334610756,0.138545903929017,0.143514165113634,0.227382059427842,0.0415862726270301,0.0157379573204956,0.00682857974309614,0.101684442594185
"J4",0.0466373450206042,0.157128408131753,0.0403588478840953,0.0308076986293306,0.0248558234364702,0.0254327489395018,0.179699045689723,0.0202980056259068,0.10064967443777,0.318579431258709,0.0555529709461354
"K4",0.316158198924059,0.0556588748767976,0.0304334830053249,0.0433389560763726,0.11695808820033,0.0783215831602382,0.0966805158938059,0.103810563283585,0.0984219255876657,0.0504940868874457,0.00972372410437504
