"A","B","C","D","E","G","H","I","J","K","END"
"A1",0.047115783176256,0.0364174619831257,0.239833218693025,0.0712800058992851,0.145118129163163,0.0364104353872861,0.0776691577722063,0.111184006764494,0.000102764083849337,0.23486903707731,0
"B1",0.0453917079373213,0.383985155505769,0.0431611910317145,0.127682815436588,0.129332731234149,0.0935603840339935,0.000129381010055781,0.000126378941850064,0.0679350423340866,0.108695212534473,0
"C1",0.185475617448461,0.315390861364713,0.0852320871643281,0.000105992600708599,0.00011939112558904,0.0507963715438602,0.00011939393991477,0.127814357499099,0.234804379980678,0.000141547332649547,0
"D1",0.0292416110011377,0.11665991124925,0.273676096396609,9.99113792954126e-05,0.0292397615869492,0.174891899871455,0.230276464264622,0.0584029032257984,0.087410426049407,0.000101014975476456,0
"E1",0.0358015072400703,0.248831389544531,0.108207611158376,9.99133807451399e-05,0.14279970353661,0.107115079496487,0.0359086161930667,0.107159467871162,0.000100151825413922,0.213976559753538,0
"G1",0.283906532141138,0.000106162976477967,0.000103159592989247,0.356027392322823,0.179657002741776,0.000103083601175437,0.000101450641294851,0.000222205106223961,0.179671507033303,0.000101503842798636,0
"H1",0.000103013956099354,0.000104943731009846,0.336149192577526,0.0426329324313843,0.0868026700967865,0.0875800822595911,0.0375179266407495,9.99101768021942e-05,0.282245217625589,0.126764110504463,0
"I1",9.99109844076115e-05,0.0333874367481026,0.100503387207989,0.299265939912068,9.99358380640149e-05,0.230652671731035,9.99747031357985e-05,0.267100379840865,0.0353007778464514,0.0334895851878802,0
"J1",0.0629280605491106,0.0613603188728554,0.203013684476359,0.125744865513667,0.0629567836162483,0.0328537493948319,0.156917765457997,0.124754713918571,0.0434011091525376,0.126068949047823,0
"K1",0.147990542092986,0.0655301759935879,0.000128077430675481,0.0762874028282695,0.000107284871065251,0.303981098312496,0.0507959094600987,0.000113338675858165,0.354966242095542,9.99282394214138e-05,0
"A2",0.405547202991261,0.083852311312646,0.067639403102666,0.0174650473897405,0.0976463914630801,0.0279098487253581,0.0527213047825863,0.157456077160331,0.0528122120464188,0.0369502010259126,0
"B2",0.0667116333269267,0.0684770514824634,0.000111921203770911,0.125085307457239,9.99227153327414e-05,0.116208179241464,0.321794933427744,0.193161084373499,0.108242665621199,0.000107301150360739,0
"C2",0.295189427076599,0.0238487555757847,0.000258717108602128,0.124355141287193,0.21978229818629,0.0355261414026498,0.124336738711832,0.000118622902329273,0.104697461942597,0.0718866958061236,0
"D2",0.000104392614941744,0.000100104275232183,0.114732683443968,0.0570468282461739,9.99101694775809e-05,0.00010006013826766,0.232274040997031,0.260946804267914,0.000103427431457408,0.334491748415537,0
"E2",0.236172764570534,0.26585958547728,0.0168770241491457,0.241050423035805,0.000517857815492977,0.000141979089145056,0.000101070152201178,0.000112522250408875,9.99146768535142e-05,0.239066858783134,0
"G2",0.156586008112119,0.183461897089922,0.149037701108456,0.000105139921991223,0.000145905734459031,0.149289661535691,0.0751859484887009,0.285360953107795,0.000121186860607983,0.000705598040257862,0
"H2",0.365193150345713,0.000101471208318942,0.0848439951960556,0.162649463859323,0.12269004921874,0.122098254680272,0.0862956442703099,9.99108284549187e-05,0.0559187500618867,0.000109310330925751,0
"I2",0.000128889426745168,0.00013669969338143,0.228464381912176,0.00010001288964782,0.0767861416763681,0.0767242465981232,0.00015477266278874,0.229733890271729,0.377158834706049,0.0106121301629915,0
"J2",0.0338679693370132,0.126440944165321,0.232074713368779,0.0937169551856259,0.000102009574352313,0.182364747972609,0.000127177812721979,0.000106749377653611,0.237901972161476,0.093296761044447,0
"K2",0.289465413068536,0.428594771135818,0.153614252415087,0.000177653238361283,0.127531564491997,0.000106281512730947,0.000105974263583795,0.00011349131002493,0.000177517098819461,0.00011308146504085,0
"A3",0.107928489445259,0.000145075637377581,0.000139026619218291,0.2013262102553,0.0347086860171629,0.000275959967105761,0.281607983644071,0.169068208898217,0.0349524583948328,0.163011960703941,0.00683594041751466
"B3",0.132050986180476,0.197917412912566,0.000156894431600346,0.0360628814060375,0.0464206394088886,0.128746256870555,0.000200985799322177,0.00146419837859375,0.0339825340533953,0.410341708616238,0.0126555019423271
"C3",0.162032155941237,0.106934587636712,0.0368170869774995,9.9901758858622e-05,0.305039938723256,9.99057549427681e-05,9.99837348393056e-05,0.132427830143259,0.140557165581026,0.115631884497217,0.00025955925115173
"D3",0.177707095977318,0.000334004499305635,9.99732211801839e-05,9.99036490847287e-05,9.99011157173069e-05,0.088984104444458,0.177813790309887,0.0644667677137341,0.0888002621328704,0.228891373053878,0.172702823882567
"E3",0.000205452966496307,0.318805825741766,0.12744413479968,0.000256642710673047,0.245597221558675,0.000158209166386484,0.167702068489291,0.0001830521396659,0.139411035777802,0.000133800568899062,0.000102556080664548
"G3",0.000212421540638414,0.145723769356538,0.00018173235532592,9.99065855385183e-05,0.332345559989685,0.000134631927433048,0.0575657634384677,0.0662606373932814,0.170454394259179,0.17013149236746,0.0568896907864534
"H3",0.149142062048361,0.249541153548976,9.99817169930478e-05,0.147616320786322,0.204501734864788,0.000114101965501873,0.248004647499972,0.000271600602240552,0.000111406047899226,0.000230575042211394,0.000366415876734356
"I3",0.044501980712713,0.147147270502182,0.000363767930741273,0.131322806685481,0.000231485613450801,0.00010024272199723,0.373019415055193,0.000201026498159552,0.0446072857870138,0.258297356969092,0.000207361523976246
"J3",0.270281069532553,0.000108684559655615,0.0627231995128978,0.000100896525001716,0.3849141277949,0.0613483178045844,0.165107412001322,9.99352588585997e-05,0.0551075244848861,0.000108430541678243,0.000100401983662314
"K3",0.0997481535846703,0.095196005916377,0.151668610195797,0.172038855038846,0.101125412696388,0.0764853653584467,0.057239705236233,0.150720525692241,9.99020295068067e-05,0.0955132634364932,0.000164200815001059
"A4",0.195091417963568,0.123442394679001,0.20455149610898,0.0410257544968659,0.18016444785775,0.000100292551989811,0.000143579759098814,0.141384698093788,9.99238037455544e-05,0.000166311145684239,0.113829683539528
"B4",0.0400545799643469,0.247207717582776,0.0231295646884964,0.0693213154482559,0.104818057380039,0.0505018092581678,0.161568659275456,0.0914066461247469,0.0231792379673378,0.0255502811596229,0.163262131150754
"C4",0.0892562553001012,0.000149399981597839,0.251439048944658,0.108149115102559,0.000115627711345899,9.99030275511166e-05,9.99011045393822e-05,0.0816714835984858,0.07209051748947,9.99258638439055e-05,0.396828821875848
"D4",0.27487341248473,0.102970550865479,0.0685821926611174,0.0687532636838446,9.99096126387601e-05,0.17182696560554,0.00010604699809166,0.000100819489013622,0.0344566482432899,0.171218631281543,0.107011559074711
"E4",0.0295005658895774,0.288509958617483,0.0967368671879094,0.264532281746377,0.000246496922793645,0.144403796168628,0.000177071517312399,0.0879894729900527,9.99211005567287e-05,0.0877021726754498,0.000101395183860239
"G4",0.0556362888838647,0.0534093009321386,0.0278658803631321,0.000100441285104128,0.0605323470293685,0.330705199105388,0.0828207514970166,9.9901546740229e-05,9.99164344922135e-05,0.222126253820485,0.166603719102271
"H4",9.99884123837763e-05,0.140007898517322,9.99030880044137e-05,0.0297330926589662,0.123862589988056,0.338702904617622,0.000300761023965876,0.0283417058168071,0.08480498530567,0.112893745122059,0.141152425449144
"I4",0.000101902183809094,0.173926779236975,0.0748952038900456,0.000100926490899138,0.225162984148218,0.000100165947885727,0.000150391730232367,0.0751162106348508,9.99212858971625e-05,0.148833617528077,0.30151189692311
"J4",9.99363664848295e-05,9.99013982684575e-05,0.249838983083033,9.99045554492975e-05,0.000102065526064956,0.000100000722698687,9.99172909690606e-05,0.125106421260747,0.125100673225327,9.990271196857e-05,0.499252293858989
"K4",9.99133572897864e-05,0.000103350887968412,0.071175260695214,0.35532949529708,0.000100718389341487,9.99346667474066e-05,0.213585639736755,0.110430210404381,9.99855877607406e-05,0.106913700670902,0.14206179030656
