"A","B","C","D","E","G","H","I","J","K","END"
"A1",0.0712515040502659,0.0524938902580143,0.0151268167420029,0.101318216128486,0.112928332436558,0.109061441499921,0.19869069904109,0.101170256709033,0.0378121193865069,0.200146723748121,0
"B1",0.171555181883985,0.0834656940908718,0.00778756354648281,0.15998250872723,0.356172270602415,0.0739725163464724,0.0166603554861142,0.0201819612166141,0.0702464773946104,0.0399754707052039,0
"C1",0.0422129686412721,0.0400850331179492,0.0474181621942051,0.284639807179801,0.059509696373502,0.177057848114717,0.0508886064749073,0.0544338925760766,0.235357857121203,0.00839612820636696,0
"D1",0.0103647828859647,0.0461153447171466,0.139113589009671,0.0561044717255134,0.0368960648506858,0.188917878362014,0.307926946164507,0.0899754062913236,0.118187443217237,0.00639807277593661,0
"E1",0.205377349975315,0.132563373976114,0.100388380242931,0.0258660224740558,0.00909001324269219,0.02859959581259,0.18446954297217,0.123236488582389,0.0232096708830222,0.16719956183872,0
"G1",0.114409034408009,0.0230159599364636,0.00644813311032473,0.139307849567135,0.356497609990386,0.0152363082908827,0.0466507692770183,0.0358550116038564,0.194149017953273,0.0684303058626517,0
"H1",0.0177865475830512,0.103617182928096,0.0745556953350517,0.129600640409264,0.398055898914931,0.00159759981718803,0.0322858146793876,0.0450464928219005,0.091012934697246,0.106441192813884,0
"I1",0.148301021496804,0.0607733915604121,0.00253209497913184,0.351661411795911,0.123660039641491,0.0622576739565373,0.0258401324240065,0.107829233045794,0.116820137401803,0.000324863698109347,0
"J1",0.120013941673289,0.0117166503306671,0.141295966146741,0.0574667327383533,0.155614545449274,0.120113059398448,0.184160486199709,0.144531824578289,0.0224840348920387,0.0426027585931914,0
"K1",0.000876778679912905,0.0158747543083105,0.161271794134028,0.135039524696627,0.21819155098406,0.312857268134836,0.0337310156201821,0.0460312571990142,0.0213735255631565,0.0547525306798738,0
"A2",0.0959350128383571,0.0346343852536001,0.374065412022637,0.0379307821388673,0.0570629083832649,0.0658009542823683,0.0719450153395362,0.179083142478519,0.016575480211136,0.0669669070517135,0
"B2",0.00972885140880743,0.272917177741535,0.112302934447486,0.0286311060246847,0.00285416876756966,0.0924270906808889,0.0693345059372062,0.203138327178806,0.18386815600846,0.024797681804556,0
"C2",0.411754681654157,0.055839371658341,0.0341398082592296,0.00231364152124871,0.27548028964193,0.00154862560573664,0.0203578300168478,0.00643173238934368,0.0379818268500581,0.154152192403107,0
"D2",0.107606504244987,0.207720642584021,0.0355690114787891,0.0317477566003692,0.0565965753127402,0.0885343123616064,0.134788691376527,0.25536189052652,0.0194288377010414,0.0626457778133977,0
"E2",0.0129206015858334,0.00986862294543733,0.0719140226948774,0.0637286310099393,0.106372801426304,0.141002395354724,0.227043203030724,0.0325673146992227,0.0329955411800389,0.301586866072899,0
"G2",0.218282495718509,0.106207219329896,0.0949146714230239,0.0262283251668333,0.0244505991172889,0.319862301677112,0.094107155382855,0.0867973851478729,0.02750324265755,0.00164660437905942,0
"H2",0.304483777846293,0.0473506721639928,0.13155198598934,0.0432883083437452,0.0674639547315887,0.0057195458057102,0.16570954413353,0.130542082748858,0.0928265676519424,0.0110635605850004,0
"I2",0.0678480702402039,0.157598723189518,0.218670828299203,0.117961170867171,0.0414254066367886,0.119571275364962,0.152193467607654,0.0473291013119431,0.0745405833794811,0.00286137310307441,0
"J2",0.028081559679766,0.252014655235147,0.0315215721338496,0.0994136695274346,0.0844952368267644,0.100058819792167,0.17167558476084,0.0288583770224754,0.106040045647563,0.0978404793739935,0
"K2",0.10667482163384,0.0327136472908949,0.392355352085789,0.0197019609465387,0.0191916731982156,0.0757917675612673,0.0886891848844743,0.139537094909675,0.101454799374972,0.0238896981143332,0
"A3",0.137794148136139,0.296412719330416,0.023616807039723,0.00793889506826291,0.0210199978747852,0.0076317600954412,0.117238150412574,0.0225342465869674,0.170317877617752,0.159341685754972,0.0361537120829671
"B3",0.0479233204022485,0.224028291010867,0.11213721256171,0.0183062798976429,0.00440478251702392,0.0132968199248149,0.227499405210655,0.169131578893776,0.027923233277593,0.0625785305496905,0.092770545753979
"C3",0.0021096918976633,0.0206473244113591,0.039026496714895,0.252293915638178,0.200156113344422,0.00194591810102348,0.0903781337241983,0.263005424344603,0.077263699929422,0.0200538267245941,0.0331194551696416
"D3",0.021801823185801,0.142639213340386,0.339181922302433,0.00893559231026472,0.269348460477852,0.000160980981800897,0.0354841856604016,0.0748302877745895,0.0571380261541974,0.0307611035789943,0.019718404233279
"E3",0.045942346066504,0.462991662847427,0.0153471855462196,0.045257881438675,0.115477575324918,0.00510286908650019,0.151202992732037,0.102434407926532,0.000327126067919176,0.0406984428208204,0.0152175101424476
"G3",0.00118175691697405,0.141562652519348,0.0719092985238487,0.0597369066218662,0.0239425866205047,0.176100177609133,0.0202503592297832,0.0877332565656091,0.0478717902220273,0.320824587961172,0.0488866272097345
"H3",0.0596075466700664,0.230809924558407,0.0855414767320369,0.148790191499156,0.0696089987742086,0.204975600767556,0.104493942250565,0.0527053158364339,0.00642197704418214,0.0289346581035305,0.00811036776385708
"I3",0.0910611749943049,0.252700231761735,0.0828262587419288,0.363818388819137,0.0130256964589,0.00312393478866253,0.0960625634351235,0.0344798775962103,0.0272086166114081,0.0305079185710557,0.00518533822153448
"J3",0.197856456670983,0.0318206388496253,0.264916635712158,0.10998208009502,0.0204153862172988,0.0486621140853215,0.0455778074095146,0.00234501621080421,0.15286692099027,0.107207875308152,0.0183490684508516
"K3",0.140605002487082,0.0109253903206871,0.134155977094079,0.076557684614072,0.243024350403091,0.0347666329734097,0.141845164711854,0.00612980401091287,0.0587914032139657,0.152833550825165,0.000365039345682166
"A4",0.0454269885972579,0.0623089591100113,0.255759148702485,0.0278735771094822,0.00440509867677653,0.0807438074847651,0.0117000474394784,0.258553534355636,0.00567641688568072,0.160019604216631,0.0875328174217968
"B4",0.0402631769537779,0.256359887871888,0.114859376449556,0.07036731397757,0.113640161508129,0.00973826166010558,0.0632250867523074,0.0474787086504161,0.0143842544005174,0.216597011888393,0.0530867598873396
"C4",0.0520584181034657,0.0257267307723968,0.198274071727366,0.0845373188560353,0.063256753837057,0.0344296617119552,0.010882600487305,0.273220841639299,0.0265455669159582,0.0612805083442706,0.169787527604891
"D4",0.324433576336174,0.0199805989769244,0.0646986805317276,0.0577595568580052,0.0776100382819606,0.0979132657861958,0.110141651822114,0.0114525395300358,0.0800866496617189,0.0757572764621547,0.0801661657529892
"E4",0.190872771459041,0.147342439426998,0.154499437705929,0.171744962671543,0.00864286524312729,0.0209157338750686,0.0540896386880006,0.1227384516001,0.000617910356959876,0.12312439956201,0.00541138941122318
"G4",0.00651665541707269,0.15598574657394,0.195743357867729,0.075513950395838,0.0731411445586447,0.0122830868082281,0.207713910547908,0.0705199928992938,0.0706859471580633,0.0751507128494144,0.0567454949238676
"H4",0.0358560327220225,0.492339452154199,0.0740851881289517,0.0288042645537453,0.00399077723637551,0.0208371888980807,0.0540571684792573,0.0927235215209053,0.0195509082024677,0.128527016612297,0.0492284814916983
"I4",0.0708712650521445,0.253556798624296,0.0647590457092149,0.00291791533758836,0.283248882003476,0.128183545570807,0.0594677612229716,0.0677297037169155,0.0234332829177786,0.0117851647189413,0.0340466351258652
"J4",0.262524334649574,0.018971025150828,0.0653746923203074,0.00194042773451892,0.0520713816715167,0.165303006022144,0.180761003935155,0.0612497857304661,0.11009606932436,0.0102260743693473,0.0714821990917821
"K4",0.102490598484552,0.15655213210977,0.125669823727371,0.0296123418525646,0.0504481703087233,0.174808868489794,0.0562067613320151,0.0742972530998226,0.0194730961661043,0.14151736498925,0.0689235894400332
