"A","B","C","D","E","G","H","I","J","K","END"
"A1",0.292566860741532,0.249877960540983,9.99111847927238e-05,0.000151324665458281,0.216005609846708,0.0348475473484929,0.000139481817039853,0.000266833169255251,0.0602882591122541,0.145756211573485,0
"B1",0.290978873043035,0.0429483505083535,0.0216013808211044,0.0642541331717611,9.99103853677644e-05,0.000132060964433144,0.408677116334803,0.000103037771152472,0.171089316538526,0.000115820461463706,0
"C1",0.0750426379029852,0.0750424498837672,0.0751958922105624,0.284648977462866,0.000101400133435637,0.0732276437489099,0.0750424330105891,0.26639562483731,0.0752029542675577,9.99865420163921e-05,0
"D1",0.201108392835006,0.0804107404503571,9.99467575143264e-05,9.99101969138596e-05,0.201958537907735,0.192978449285627,0.0819265775849224,0.241209616670441,0.000104421439984208,0.000103406871499227,0
"E1",0.000100852722609208,0.0604767767455257,0.000137821695953461,0.293498635242181,0.0664689979480371,0.163688646828493,0.000145765736750943,0.221911279067416,0.000100588663908407,0.193470635349125,0
"G1",0.000105863367612134,0.179611807293561,0.0450631452151492,0.0901283296517632,0.0450646261132876,0.00013869425402832,0.0699428646305196,0.250366154676849,0.0451573021666545,0.274421212630575,0
"H1",0.151125860072298,9.9913830217128e-05,0.0138757844268083,0.0276469766918297,0.0687231329574946,0.0198250120684609,0.0138834691037379,0.0685692468704449,0.203646484916985,0.432604119061724,0
"I1",0.244194409426918,0.000124132646186232,0.170475887094111,0.000101275385425861,0.115562750717731,0.00016094885045999,0.0919301250971916,0.000100042904644274,0.0930635178937772,0.284286909983555,0
"J1",0.16019678200068,0.202005759455511,0.0376425932204524,0.000100053195162624,0.0192251764199379,0.0010899400617653,0.200949143001746,0.0362103022033688,0.194830842362702,0.147749408078674,0
"K1",0.0392138817679862,0.0925420302727351,9.99148033506601e-05,0.0788441338681208,0.000101387956084609,0.140675585811944,0.176027378668728,0.198134789004105,0.24972818164342,0.0246327162035254,0
"A2",0.121870022998115,0.116536329899304,0.000118432606039815,0.165838987203793,0.0879365044669088,0.0222929436048594,0.247808775661431,0.0788086400682043,0.116460036444047,0.0423293270472972,0
"B2",0.0628961096469399,0.0257539436458918,0.10164639064844,0.0517579318984408,0.118035516252289,0.253887625621733,0.000126150138764134,0.102073992347573,0.232980267848339,0.0508420719515888,0
"C2",9.99389688769802e-05,0.0357088988902169,0.0710257500787941,0.221796676111405,0.000112257348686623,0.173862223829242,0.000130702959174749,0.239255089721914,0.0713366419607481,0.186671820130941,0
"D2",0.000145723640966443,0.0201015361466942,0.0791334027969147,0.10081560888183,0.000102367476241685,0.208457166983487,0.113446027786633,0.356997063423647,0.0397490771326118,0.081052025730974,0
"E2",0.0952126866296523,0.0461419809101033,0.278454010442398,0.0773097968682146,0.0319430176174659,0.000109278079148965,0.0753914958213247,0.290313478087888,0.0669191624040072,0.0382050931397968,0
"G2",0.149762599284633,0.0182548688106901,0.136101703425434,0.0234511908276119,0.139782073221115,0.187849913282473,0.143963452295965,0.0586743613938449,0.0681613839845799,0.0739984534736529,0
"H2",0.0916894569232257,0.144307670777234,0.17928457226607,0.0562980520739035,0.0544878413797029,0.172757949280696,0.0225921381853366,0.0369022939539442,0.0799888097828005,0.161691215377087,0
"I2",0.174923214894289,0.161178230567692,0.153265626641483,0.0366912452869676,0.0787883574309836,0.155826568926099,0.0515534124221834,0.112847777649463,0.000100585521972662,0.0748249806588656,0
"J2",0.0429425730418678,0.0962467032788675,9.99612453446519e-05,0.039943799937011,0.338890317038234,0.155410335988836,0.0381156232521598,0.0900410139705984,0.0477295885657344,0.150580083681347,0
"K2",0.168162331292047,0.0581025744665554,0.0190297101218637,0.252666621501938,0.0824346624214712,0.0378877366522772,0.259944330480641,0.0489370103203027,0.000420917923771159,0.0724141048191333,0
"A3",0.000325744746511606,0.217369408562141,0.0982244719842099,0.203196895632507,0.0962076019810633,0.189574402056081,0.000197884745718198,0.134766397384273,0.000259175510262564,0.0367147613394742,0.0231632560577579
"B3",9.99093780584906e-05,0.021710772583432,0.0001160362616573,0.0649763086799004,0.345987073316418,0.000131909550022183,0.222917259904961,0.109276977393873,0.234284007647559,0.000383226443152536,0.000116518840965631
"C3",9.99220323902448e-05,0.0199458432557204,0.000197600776484531,0.186770129250989,0.198624233534154,0.0624610166415605,0.137443021801945,0.0545673394981179,0.238259655495257,0.054807825144827,0.046823412568554
"D3",0.000139606589756738,0.057214825883885,0.0554565747941333,0.000493078840595874,0.000100306991739648,0.387209312055841,0.0350720972390172,0.266978274015766,0.0547400190265242,0.0973518114294638,0.045244093133277
"E3",0.0547858914364816,0.0800758678977827,0.000137366122152304,0.0743475399670138,0.0317189288249077,0.000101690002491381,0.284152743633032,0.385705039427181,0.0430452663526228,0.0220083433384128,0.0239213229979225
"G3",0.308189134971307,0.0448182087058916,0.000289475498881081,0.112579901424591,0.271271599076177,0.0914133527992858,0.015484545482237,9.99548930771903e-05,0.000122254574082162,0.139826391742844,0.0159051808316261
"H3",0.124006580230789,0.000109318712929329,0.338431846357072,0.271778493376754,9.99204882352627e-05,0.000178149516607724,0.0154123752238272,0.000109453689682257,0.0957657225698234,0.154005719008351,0.000102420825928998
"I3",0.31823541335053,0.235460814290289,0.0760598514496773,0.0253309036389219,0.000135020540395693,0.000155047116445457,0.0730144882485553,0.231978632161571,0.0154924610741272,0.000135362933123813,0.0240020051963629
"J3",0.0225058138290116,0.0662588158509971,9.99301163001264e-05,0.177191816644123,0.47438243296923,0.125423200185458,0.0227395096679808,0.000129405607061888,0.000149454687905945,0.110865274949955,0.000254345491976399
"K3",0.300307494328978,0.0660783608154106,9.99574381442751e-05,0.0546142955655292,0.0363226417791868,0.00010256247623886,0.000206128335148854,0.156361961215852,0.0220185963257138,0.27465285077683,0.0892351509429673
"A4",0.0907599914051428,0.0592597681502958,0.121053254706055,0.104262232966204,0.116230989547732,0.000104580046003944,0.113631892425152,0.0729545315077498,0.151232246572024,0.132594340191081,0.0379161724825606
"B4",9.99010998441719e-05,9.99104935038614e-05,0.0767957791327376,0.00011828415402487,0.436068636497974,0.000101044655056599,0.180572972154163,0.112719824459356,0.0786136347079899,0.114704910971339,0.000105101674012244
"C4",0.034192755495922,9.99017674836478e-05,0.000102865734120609,0.155889365779194,0.000109404000095514,0.170546589657694,0.139242260855865,9.99180587504721e-05,0.306913962381401,0.10240315822922,0.0903998180402537
"D4",0.0533468433656328,0.0516518020650852,0.000130716569531655,0.0869037504830713,9.99011014657582e-05,0.0465873893053239,0.0528036529747413,0.288327592813625,0.000320752988514657,0.183626887999565,0.236200710333443
"E4",0.000100012976440071,0.107928727592289,0.155749811528689,0.000158298503424371,0.0854692669589113,0.0388237406533638,0.328147113799409,0.055475201537315,0.116281781368641,0.111759588925542,0.000106456155976245
"G4",0.000195839267807916,0.000102300104937004,0.429444139391891,0.192765003022754,0.172409180084649,0.0860000340459548,9.99078507337187e-05,9.99030208129598e-05,0.000100418084727175,0.118683096202789,0.000100178922942798
"H4",0.0245584380061414,0.0320577878731844,0.197137483528246,0.138544276627313,9.99011029471708e-05,0.0320587632150141,9.99576537312032e-05,0.0320420919413657,0.160603741191881,0.190674076827874,0.192123482032301
"I4",0.294626069456653,0.243437749454427,0.0939359937767522,0.0478271456736434,0.000115524205858701,9.99226494767698e-05,0.000165628416091136,0.153692924526236,9.9901120970786e-05,0.0954211781476887,0.0705779625722021
"J4",0.000100061650447177,9.9906107928207e-05,9.99068066369229e-05,0.0903401800698771,0.136745376436209,0.000101400882567031,9.99010982677883e-05,0.167817688288146,0.134362519555372,0.0675977338405596,0.402635325263989
"K4",0.177475768258167,0.00010348581950826,0.0224280024750227,0.0696895848760078,0.0224294856995572,0.0224278284740859,0.133805096759163,0.192160024573237,0.000108490002257757,0.114638496595479,0.244733736467513
