"A","B","C","D","E","G","H","I","J","K","END"
"A1",0.253200312901097,0.215596068476911,0.0041598811132016,0.0984638090473777,0.112520605799071,0.0127592955415784,0.0671505424363536,0.0762497254585428,0.0589728108889021,0.100926948336965,0
"B1",0.25936667924394,0.0378494034677796,0.0585967419079908,0.012308010193743,0.00598960474837102,0.0975387701789952,0.287313949745484,0.0380883374244852,0.180986708494544,0.0219617945946668,0
"C1",0.0137524191084473,0.0893232937233277,0.0205445189445073,0.22636555263363,0.00181095459739335,0.262121323315875,0.00965778179308106,0.250516970225703,0.028481342126976,0.0974258435310596,0
"D1",0.166219894360754,0.101586354669998,0.0907687429935485,0.051314373129245,0.117473577674802,0.106474978638063,0.0825699216451945,0.227656228087195,0.0464933008424007,0.00944262795879972,0
"E1",0.00618787049896023,0.0955739902945743,0.160321357774358,0.245822326429397,0.138531321236154,0.0954312665499967,0.0612594867086946,0.103628314996155,0.0391290283088612,0.0541150372028494,0
"G1",0.00402203486574134,0.240413365984555,0.140817860238432,0.0757281762849477,0.0137113050757079,0.0168347596125578,0.0972593780483241,0.210240071766609,0.0562567163051548,0.144716331817971,0
"H1",0.0763591492304785,0.0117084499909672,0.0386402028052192,0.0373028059082504,0.0712550992732874,0.0372369253973581,0.0141531395943154,0.131168883802189,0.209454825425332,0.372720518572603,0
"I1",0.18093901759454,0.0431015462108277,0.154510447153307,0.0533706507605478,0.0450294289980272,0.118542342078576,0.0982302526840527,0.0274409351980603,0.0441794302775292,0.234655949044532,0
"J1",0.170955739524772,0.238626104586014,0.0304063346340158,0.0275176185842643,0.0633916913066741,0.0501054966426018,0.100888049712931,0.08522515575337,0.070773215774773,0.162110593480584,0
"K1",0.00912908975881684,0.061622670444588,0.00347068816122012,0.0666893759770858,0.00728655615228012,0.100251435657903,0.257658735669479,0.297864370918378,0.185411101758531,0.0106159755017187,0
"A2",0.0681130243166373,0.176095744361404,0.0747855534965698,0.0751931276935367,0.0316322335909427,0.00652762455524649,0.246452745309687,0.0129573528492191,0.227315392360283,0.0809272014664745,0
"B2",0.270627729413414,0.0169418741398092,0.055797101680505,0.0216968970558245,0.0746035504425633,0.256416831569744,0.000210208729656603,0.08035538926619,0.09102234413044,0.132328073571854,0
"C2",0.178693173571122,0.0643839108241089,0.167324548691211,0.056254057863284,0.0475842433631408,0.0497426637165218,0.073535271229862,0.160129088607059,0.120721733229421,0.0816313089042683,0
"D2",0.0346361862154358,0.0769190934257632,0.129950628178851,0.0987661707308456,0.0541029367012337,0.138466328497775,0.0354450171977017,0.298540410338331,0.0807164341343677,0.0524567945796948,0
"E2",0.320643100444581,0.238014245354008,0.0648248538965815,0.0255264855421732,0.0401789255076791,0.12086160568228,0.0121497277717877,0.146768197648361,0.0146155604530403,0.0164172976995076,0
"G2",0.0699209640900545,0.00729732307015421,0.0715985505224079,0.0947147593378139,0.334419388721146,0.176451839680268,0.103375515412601,0.0669073471140848,0.0121794930238753,0.0631348190275938,0
"H2",0.150868254150344,0.193698272245863,0.0782236877371681,0.0214851952870326,0.0885113641859705,0.181750153028801,0.0149359139046578,0.0418278099908549,0.0777421767640556,0.150957172705252,0
"I2",0.164593373082386,0.149472400700288,0.158010418099386,0.0375652878360213,0.0185205145639596,0.124968542001697,0.0982075097406772,0.140367334192407,0.0605780133562932,0.0477166064268851,0
"J2",0.0653772457292457,0.101057799523201,0.040675238244781,0.0386000388777397,0.0952935164950801,0.254271000098635,0.0843565966419629,0.0711088933801263,0.0580224070579817,0.191237263951247,0
"K2",0.137569986508026,0.0326489217482185,0.0981742968408216,0.287523448243242,0.0646813154984461,0.0394045732223358,0.223731633830683,0.017265996096411,0.0742968732193937,0.0247029547924218,0
"A3",0.0193929745175813,0.0338781071830163,0.0257556642417711,0.0813986285813663,0.248521845874141,0.0962032938371924,0.100626251173198,0.0254377946960038,0.0157470425270257,0.24287876479352,0.110159632575184
"B3",0.011746903088718,0.00594040844240703,0.00203245332262526,0.235262608909115,0.0636007963957723,0.000731797025919682,0.363374838094286,0.115433774162762,0.121355182071958,0.0791407422791403,0.00138049620729645
"C3",0.0193354224221518,0.189858265761339,0.10823574396164,0.158901866278435,0.00892987955221478,0.0305801850803123,0.0333558025047092,0.163183245770272,0.192981698341058,0.0295374680679202,0.0651004222599479
"D3",0.105366279846491,0.0765478586418615,0.0581151099175505,0.334149245456695,0.0684639600466783,0.0731529185460393,0.0871781746356411,0.0982886240165163,0.0344566706631501,0.0234867502013953,0.0407944080279814
"E3",0.0352739567978296,0.0280558308965789,0.257200196310677,0.0625277436930735,0.189724217909493,0.00694234096375529,0.290586952205746,0.106871498432556,0.0179628590303643,0.00144152726610483,0.00341287649382101
"G3",0.383249271392112,0.0776735759826635,0.0603492545098587,0.0221619246966556,0.0175494893539105,0.0199766352231823,0.0776746925238132,0.000817000895773263,0.233129614108984,0.042862299575604,0.0645562417374429
"H3",0.0758041123060125,0.00855878135822799,0.215552434411499,0.00250778135039987,0.0464155778565657,0.36460872636337,0.0282584398943679,0.00184599662971953,0.0378521753954955,0.218593647316946,2.32711739558507e-06
"I3",0.0806349499081088,0.0971815782324395,0.0184000160215672,0.00208879435478744,0.291296135430573,0.142741989640131,0.126898060589807,0.00963783723649147,0.0932703106289912,0.134796822597171,0.00305350535993282
"J3",0.193531684194206,0.0153476166292109,0.0452997566565561,0.125440233325721,0.0978711779915981,0.104231106890131,0.212187896019204,0.0856339272114496,0.0570224690465255,0.0634336332273822,4.98808016619705e-07
"K3",0.0557862329053154,0.0656255591095663,0.189320474049834,0.0533439736210286,0.00247790429619304,0.320861562738082,0.023612511073075,0.240543053094812,0.0295868956209948,0.00499494237952239,0.0138468911115763
"A4",0.0369300352810947,0.17278574694151,0.130907523261874,0.189430683434934,0.0868113002753128,0.0916310852667723,0.0522112083511799,0.078345943166559,0.0709646556980685,0.0388714017260948,0.0511104165966002
"B4",0.0214954979879121,0.0609906543644239,0.11544476721248,0.0586756192931246,0.355425541054492,0.0130260191452531,0.111830861236774,0.107666314802398,0.104317217155536,0.0472995759827084,0.00382793176489744
"C4",0.0408942350663925,0.00164702844707303,0.00428070092321951,0.106263337159568,0.155190362449727,0.148386728417145,0.114532954549841,0.0324080186108417,0.156458393651304,0.164107808766709,0.0758304319581797
"D4",0.0264125962755416,0.025583920941207,0.0142001819354793,0.0450633967401155,0.0142251704523995,0.212834687229373,0.052191931159568,0.301328055913109,0.0417453446826371,0.148098690010528,0.118316024660042
"E4",0.0599423772942593,0.0682978308593511,0.0591491327899549,0.0513872251777677,0.0742817265865636,0.00241615684203602,0.20784956107563,0.321191359408276,0.079852514357916,0.0442873464410815,0.0313447691671633
"G4",0.112630662208359,0.025599454874678,0.19790717632404,0.0501982395166345,0.254799222795149,0.113948453114428,0.0348731317582353,0.0203673890844606,0.0143373572699089,0.168534169274809,0.006804743779297
"H4",0.0913500794484353,0.0526376755866839,0.311031214511377,0.168179480755281,0.0267179077713854,0.0345716792109351,0.00941763627161988,0.0288947946815281,0.0742882477771233,0.168972738764751,0.033938545220879
"I4",0.257919724100005,0.244359881102644,0.0968019264048893,0.0411724542913332,0.000301087307131083,0.00932911940795114,0.0408434455354413,0.222062047004778,0.0148781289790105,0.0379963395363082,0.034335846330508
"J4",0.00711124876954496,0.014760188694302,0.0154207453023601,0.150008204184864,0.358498639673662,0.0432898309176393,0.0343503590250422,0.0398701735283616,0.0340976553401831,0.0920113273657943,0.210581627198247
"K4",0.215275215547296,0.028066814699752,0.0126053982811262,0.112359649916278,0.0338683339369843,0.0364823349218319,0.0652545439233157,0.193436121277101,0.00815386491880602,0.113046472795371,0.181451249782139
