"A","B","C","D","E","G","H","I","J","K","END"
"A1",0.0840384960276733,0.0483019593853105,0.0349067659331743,0.0894421233364378,0.129432147891259,0.0878611285103513,0.187809430357506,0.105126738313833,0.02557015479823,0.207511055446224,0
"B1",0.158540167844066,0.0923194755415624,0.00446344519218839,0.157093467196235,0.371562572815795,0.0858180118894255,0.00382489451249336,0.0223074732601106,0.0678700332789307,0.0362004584691931,0
"C1",0.0493498259406503,0.035790487818924,0.0333194147911275,0.272054699498685,0.0517680403079271,0.175347257811235,0.0259208609132428,0.0731738335810909,0.277500435745377,0.00577514359173975,0
"D1",0.0108369747152171,0.0574698548929754,0.137872884666539,0.0430474933718731,0.031256897416129,0.191821359734785,0.291897898656407,0.128770121397063,0.0988424423403522,0.00818407280865813,0
"E1",0.18025771302596,0.144028198386277,0.0985907606660765,0.0196489703946202,0.00787171246656705,0.0348642272976344,0.215455006742339,0.108364131888858,0.0183963823187688,0.172522896812899,0
"G1",0.105087384242289,0.0246769442571361,0.0105205457013437,0.147744078653233,0.336635149734326,0.0175671745008034,0.0616188150813916,0.0276046218659923,0.201467651416898,0.0670776345465868,0
"H1",0.0179969802608381,0.0978186744457796,0.0427623812364854,0.124035484101367,0.404321228472068,0.000107064936048288,0.0286369477754333,0.0513165788902195,0.0762805203701782,0.156724139511583,0
"I1",0.151253253398854,0.0737901216855886,0.00418870614271896,0.394460070448749,0.128887769395351,0.0604364244312774,0.0129510370106236,0.0990702213289793,0.0748624824921409,9.99136657163335e-05,0
"J1",0.0630258764392838,0.0183151158544904,0.100121584390099,0.069873200408764,0.158126755581623,0.138864593481368,0.216789110809404,0.157769286179341,0.0402534117312644,0.0368610651243619,0
"K1",0.000100342083745767,0.0170587424300206,0.166688700085695,0.112854962462309,0.240079830954543,0.334804182021656,0.0338997011446439,0.0463039338112884,0.00575141764171304,0.0424581873643857,0
"A2",0.164016344814624,0.0540250722713989,0.281763329265238,0.0254182431692156,0.0258622441899076,0.0695621026170319,0.0695156874049907,0.206010784035249,0.0498655241532453,0.053960668079099,0
"B2",0.0661962594347001,0.240276884643759,0.163362472254091,0.0464421245806149,0.000100078487725873,0.0746607515601168,0.0556113281728322,0.143138393543097,0.189983036806448,0.0202286705166145,0
"C2",0.43976540290299,0.0550408687145097,0.0541783024538984,0.0121833171707392,0.268582102135221,0.000255005415761421,0.000740594673331969,0.0131457834171397,0.00142287459141815,0.15468574852499,0
"D2",0.000110697081899851,0.388969588274785,0.0750726256525596,0.00012305535541888,0.209158515716828,0.0716162813365004,0.0695403801948946,0.102838394283206,0.000192481842573919,0.0823779802613337,0
"E2",0.000114241684608313,0.000129686702251143,0.0405790691721742,0.0599854092764224,0.117937583382075,0.190822110396623,0.258650327070839,0.0270983291139586,0.0381512969428204,0.266531946258228,0
"G2",0.234294980996543,0.0763712265666674,0.0557035558240043,0.0221626864153457,0.00436256194257626,0.344929990621158,0.0932042191998631,0.0944937452820597,0.0726239719327801,0.00185306121900225,0
"H2",0.867541978087327,0.000241442792531876,0.000700290258010179,0.000131959094439509,0.000441483001647526,0.0167469032961329,0.000636831813822032,0.000702521179942307,0.112581503745644,0.000275086730503076,0
"I2",0.0424175164986764,0.243937159916772,0.236117489783918,0.000143193892406382,0.0608201338842399,0.000239095825973966,0.123121749489521,0.172079531121237,0.120987080201565,0.000137049385690067,0
"J2",0.000460064472206881,0.19831596916036,0.0157798042057408,0.0970910298811913,0.098495327584695,0.16125323517922,0.197848338115464,0.0546720804656542,0.105051235100567,0.0710329158349005,0
"K2",0.165796482004048,0.0793739087102956,0.277804064703708,0.0474592756194321,0.000277885884666703,0.115401204425865,0.0532197214227651,0.137614386555881,0.122751499628729,0.000301571044609452,0
"A3",0.0989638409142388,0.363591236948082,0.0238337933577627,0.000116194845914715,0.0204897628918324,0.00606914919143405,0.0838630391921923,0.0174024870843954,0.207030593077607,0.15726552804303,0.0213743744535106
"B3",0.040854318151477,0.225335125381452,0.125193076595241,0.0143596855766496,0.00538391890903493,0.00444001649125505,0.200077810740009,0.174945564171404,0.0364690800761903,0.0657527221581353,0.107188681749152
"C3",0.000126846902381005,0.0315368399388624,0.0631559985684983,0.207789565092623,0.218721533271293,0.000105140101592001,0.0908990005737304,0.276860172049238,0.0771687862091262,0.0161060907611676,0.0175300265314888
"D3",0.0436885854113654,0.111732184555868,0.381027539787066,0.00859012885954711,0.214305298458978,0.000145182997288234,0.0343705511292113,0.0731480465127814,0.0687191451345243,0.0422322229317499,0.0220411142216195
"E3",0.0222747776504938,0.509601025759295,0.0111714771712074,0.039564549165994,0.0710544414631639,0.000106134279215318,0.141652028655066,0.13071655650769,0.000128447680416157,0.0644358977745848,0.00929466389287367
"G3",0.000126488441648379,0.168508031490414,0.0801126961961843,0.0876045881646184,0.0187773499563779,0.131247270221195,0.0165720264999546,0.12269682446458,0.0346066046140404,0.290830471145365,0.0489176488056217
"H3",0.0563528236385664,0.252806427469204,0.076539237358802,0.127467027063432,0.0519666306579369,0.226178112106819,0.114868324099924,0.0539215442032013,0.00783308859283739,0.0319584702005066,0.000108314608770789
"I3",0.083713933294315,0.220387475544811,0.102118009196261,0.36072290402344,0.00675348318871856,0.000104552026353293,0.111073047168517,0.0449339515437474,0.036581153490212,0.0287621875074266,0.00484930301619782
"J3",0.19769673570257,0.0300289843526384,0.27600468351479,0.116784673946375,0.0306217006754076,0.0372060520510212,0.0334907557983022,0.000321169701029191,0.123517955171385,0.143563522081132,0.0107637670053501
"K3",0.180020033643054,0.0232102473799865,0.144177394192847,0.0821801070815838,0.170558248027547,0.033672848315193,0.168741905764435,0.000145740740640669,0.0595029368484774,0.114925688854408,0.0228648491518279
"A4",0.0389760947777858,0.0785534853870957,0.241885039103112,0.0428832338966098,0.00634580088541687,0.0611985926991982,0.0090341630165796,0.250782053384458,0.0129177716550713,0.145341664265354,0.112082100929318
"B4",0.043721960485765,0.224026682051166,0.132265656224575,0.0553549485918013,0.122215852333242,0.00720152860802371,0.0548326208165603,0.0392477610286529,0.0187038298763817,0.262769673311216,0.0396594866726162
"C4",0.029852206648455,0.018140111162118,0.165858855080777,0.0665465340032773,0.0920869479265425,0.041910548688594,0.00586506292842997,0.311299291586012,0.0176285590148052,0.0691901443721485,0.18162173858884
"D4",0.340094758040895,0.0467121929651653,0.0142434934901583,0.0239372904411514,0.0419493877594814,0.101638184794667,0.123830265055057,0.00787796610790264,0.0880446966109916,0.115104004356408,0.096567760378123
"E4",0.145567223943531,0.0943727865400165,0.1612445054005,0.226635085188551,0.0118006889066992,0.0117447653380243,0.0493558586682987,0.118936247068498,0.00591448116967563,0.174324761671644,0.000103596104560793
"G4",0.0145442101264521,0.215208146337205,0.13023643300878,0.0597474078500514,0.115445023613732,0.0147024968588432,0.187509893588189,0.101870364232828,0.0144358573141576,0.0905155563051962,0.0557846107645666
"H4",0.0721200093497177,0.447795372127752,0.0632433533127213,0.0795412954361664,0.0169695016068931,0.0197725377744704,0.0347521929931827,0.067555810102865,0.0176730799818754,0.119001122302191,0.0615757250121653
"I4",0.0627235267783522,0.258242708898364,0.0578513687501272,0.000158807305614032,0.321719207848832,0.156291744754994,0.057323840967208,0.0400107497922024,0.00693492241348016,0.00634244286568739,0.0324006796251391
"J4",0.110785533902413,0.000101436857624927,0.119486525012249,0.000228200683409035,0.0324349711332613,0.195551350523311,0.179470972622539,0.0481183038903508,0.172395045933477,0.000759917504358346,0.140667741937007
"K4",0.100734331409248,0.134612328233881,0.0808067634526636,0.0238697418552568,0.0739432341949992,0.168784677697831,0.0497364168710181,0.0594485948861291,0.0353065075082306,0.21120287600934,0.061554527881402
