"A","B","C","D","E","G","H","I","J","K","END"
"A1",0.19088506099519,0.0214675526199493,0.0549281987342803,0.0219023467233647,0.109141757156993,0.0274081500331618,0.137331688886931,0.266034582942769,0.000126674956396895,0.170773986950964,0
"B1",0.0269105296970769,0.000100907416587919,0.000100875807858819,0.108959098133878,0.348479773760321,0.132146485450548,0.0277119110801581,0.000111876064807561,0.355326518960478,0.000152023628285806,0
"C1",0.174473024635852,0.000122327791454306,0.000185265368691949,0.479486524651192,0.000216138562883444,0.0966548129859482,9.99330604399808e-05,0.151242827379424,0.0974059597556305,0.000113185808483692,0
"D1",0.0285578504665068,0.138385811760205,0.159373424760472,0.160578321648442,0.0555401913538089,0.108363215478607,0.27694045865934,0.0479359851701919,0.000219549886753277,0.0241051908156735,0
"E1",0.395677975605845,0.0383850480846441,0.0519004246480576,0.000189166162021969,0.0577568289872846,0.0576341545165642,0.11220752397469,0.0188834424967921,0.0770410133597725,0.190324422164327,0
"G1",0.115693028410353,0.218228463772551,0.000160354312635724,0.000126096307246339,0.000102577836622428,0.0920959713264323,0.000101470619164558,0.440983890361811,0.00287030362046142,0.129637843432723,0
"H1",0.271143780888537,0.120524654888884,0.12186983611433,0.0998206370911663,0.17643012425588,0.00011975588660907,0.0596886034966155,0.000221227057854735,0.000163062925564562,0.150018317394559,0
"I1",0.000112569894662318,0.228753685510187,0.000117599584202241,0.144486804616681,0.188887721828529,0.000152351865708855,0.15435796677189,0.000165092130958143,0.0893226025842509,0.193643605212931,0
"J1",0.161587814869996,0.263827237356599,0.11959134722088,0.133071451245094,0.0562808851593406,0.0780463096097387,0.0808997575091882,0.079661269674083,0.000102339406370315,0.0269315879487109,0
"K1",0.000106693968090072,0.0486727755936793,0.125021513490342,0.115964911197278,0.165707883491783,0.284341310858904,0.000100128940348081,9.99652709008234e-05,0.259877530265209,0.000107286923466212,0
"A2",0.0672309675121124,0.0195505956089556,0.232087652388649,0.147916513148771,0.0539575852570481,0.140221244605565,0.295134652510978,0.000227236475267213,0.0435313226875034,0.000142229805150243,0
"B2",0.109257056374265,0.136361138511544,0.000100644051932212,0.000101390122558582,0.0618121266208683,0.0867599235258035,0.0556339870520203,0.20010481619045,0.237502694654225,0.112366222896333,0
"C2",0.235373531435562,0.330549134174568,0.108781330530345,0.000137553170060382,0.170959076091845,0.000121842295444074,0.0450131295463118,0.0679129862665384,0.000634546121794647,0.0405168703675304,0
"D2",0.000133645027891411,0.251611610063343,0.154676732888221,0.0686974011972292,0.000115246228220528,0.0559268053876434,0.000111438977970383,0.0703879095255464,0.244246088416901,0.154093122287034,0
"E2",0.173025223857484,0.0766546108754001,0.179163331013798,0.18237169746237,0.20946179466171,0.099748098360559,0.000159336148773202,0.0792033234812178,0.000112638368418612,9.99457702690918e-05,0
"G2",0.0555415849688118,0.000138211610100903,0.368756557406258,0.134827079898253,0.000139523067461785,0.000141558078470944,0.0735350989578517,0.000270093916690894,0.232280044633181,0.13437024746292,0
"H2",0.0148330522909417,0.0645702096857148,0.000104904681272465,0.0235725045862398,0.0917548391593919,0.176750552422228,0.191123313829844,0.221789571901808,0.215387581944324,0.000113469498235598,0
"I2",0.151760975233834,0.106780827244338,0.0466126991829631,0.00108083902149619,0.00760907934545879,0.0418464718296569,0.0493349238444242,0.302167356139149,0.222162447580341,0.0706443805783386,0
"J2",0.0403235034163003,0.00029178681628036,0.328357163155939,0.000131782536802189,0.190260906657226,0.258410510968084,0.0810505334383953,0.0187761061263204,0.000730451944486206,0.0816672549401661,0
"K2",0.134956466297422,0.0889824792904546,0.228780055477429,0.00012964667823848,0.000102989449418019,0.100526313940831,0.0473888223313335,0.183972638528815,0.000188662416848853,0.214971925589209,0
"A3",0.101750128315117,0.0817721110296775,0.000169284129296252,0.000114329018003085,0.440166612009849,0.000238265847215785,0.127351015748361,0.232636056441134,0.000104064673571924,0.000111131180157979,0.0155870016076161
"B3",0.000192142220680475,0.16409916328668,0.0502089203636718,0.000124877438555428,0.000219173596114984,0.236629263281382,0.280540801516462,0.187602909830194,0.0691234448939641,0.000101145597191596,0.0111581579751025
"C3",0.0568190756861128,0.000152071115335939,0.0426114108419748,0.0548423148235741,0.000484155735321181,0.0507031954847878,0.206309029431301,0.271041779445358,0.123603202138265,0.192934566354087,0.000499198943882476
"D3",0.0784492568547961,0.103900029844432,0.107610325789078,0.101427039709417,0.0855893618252561,0.000136468327444766,0.102266154841527,0.127556880016294,0.037093577405488,0.0774058561109984,0.178565049275269
"E3",0.134977253207166,0.0738238243306693,0.000203319353487653,0.200531742714662,0.05641635554229,0.120322523141607,0.0600411512432451,0.000684386502559186,0.291998668892134,0.000154253708564555,0.0608465213636143
"G3",0.159350827192674,0.000112218752617477,0.000130923422079118,0.0275094972906268,0.262665232983929,0.275334046614495,0.18689041984969,9.99070772650898e-05,0.0870312697660992,0.000735167480546274,0.00014048956997714
"H3",0.190794294322799,0.192824094684138,0.000163869303414464,0.115002386040251,0.0514175761120189,0.13556771992754,0.0216974011389522,0.000104489882740806,0.181411399286794,0.110683180355497,0.000333588945854797
"I3",0.141338205412988,0.00010583195040577,0.0207459563406891,0.082239943748933,0.10298037213532,0.000102416291776642,0.337383502965299,0.0703591691465424,0.000165782465267829,0.216070422278854,0.0285083972639237
"J3",0.000203906282222006,0.115815724651799,0.359300244827532,0.0309210352859891,0.000158365614308772,0.136647553531738,0.000144728296861612,0.000130801824535318,0.294236587150171,9.99159068272317e-05,0.0623411366280159
"K3",0.000120921312248286,0.000128924645292756,0.000121156952577314,0.309868061212234,0.118682411126994,0.0009534193964386,0.093042624837219,0.140894527960999,0.0244050918119215,0.311682958492155,9.99022519199631e-05
"A4",0.0407579781113831,0.0951930330171771,0.0919051781237809,0.000100500770638667,0.0362309477105292,0.0447080474753835,0.0540820945108659,0.116245755401087,0.0867170687758102,0.242816834350249,0.191242561753096
"B4",9.99333837355074e-05,0.0793569997245189,0.124733839542536,0.155777653463106,0.0634021948276391,0.000141896514578442,0.000165258156095908,0.000100510106703921,0.0193944768079251,0.220671537182008,0.336155700291153
"C4",0.0880270258088504,0.000113528256706926,0.146464220836995,0.122360369367007,0.0758893820295135,0.000184979663103103,0.0258151478276714,0.131011654671463,0.000129105855486221,0.000102151016810809,0.409902434666392
"D4",0.158143522060002,9.99140324836115e-05,0.000108681257042798,0.0801600737560499,0.0986558034431617,0.0265595636733348,0.00154552846597238,9.99027824642633e-05,0.229527640563299,0.214078527614632,0.191020842351558
"E4",0.0246612772141869,0.0754686976775657,0.151114029015312,0.351101849074657,0.000264307857682409,0.0368408994702655,0.101220086817804,0.000100027333319971,0.154712340709563,0.0765355936980307,0.0279808911316127
"G4",0.000520852048235696,0.0397612469937385,0.000100149034129898,0.000758873572551755,0.174429431708853,0.132628192990333,0.0397342446052364,9.99013222059994e-05,0.000107406935105336,0.161836476099111,0.450023224690499
"H4",0.000185441742515019,0.137045387631005,0.298115837624926,0.123825751510198,0.121250227025029,0.100894919797592,9.99125265408791e-05,0.000100975211458658,0.000334288096636688,0.0435594844475641,0.174587774386535
"I4",0.31039893720204,0.112948840116757,0.112651767238224,0.00010015539173112,0.206616064711316,0.000101087229777842,0.00010484677513099,0.168972272425588,9.9901938454512e-05,0.000100431792603812,0.0879056951783767
"J4",0.0816603661939093,0.0934845345993804,0.104533748815088,0.0574353783550144,0.404805333703664,0.000150337960583631,0.111268627887819,0.111656357604083,0.0347446845587429,9.99012319787611e-05,0.000160729089736642
"K4",0.208671368068306,0.207695178542312,0.104731053383216,0.0271217957749823,0.183260581281735,0.0813762200172502,0.0279172247024394,0.000103292807319498,0.0524203038967642,0.0803521172400023,0.0263508642856737
