"A","B","C","D","E","G","H","I","J","K","END"
"A1",0.289927402436975,0.210200871199198,0.000100291796004769,0.103131960555213,0.100731960750387,0.0157470634876507,0.074654189872352,0.0517394849367454,0.0422547118534218,0.111512063112052,0
"B1",0.295137442570539,0.055989705255705,0.0359494400053021,0.0174067719484972,0.000104153715468367,0.101043315197356,0.320919767718492,0.0135349722617759,0.143612348650412,0.0163020826764525,0
"C1",0.0114934764565968,0.118794835874173,0.0156137203913245,0.207534220270539,0.00010033546563262,0.175858763517022,0.011331478764258,0.256132650479696,0.0736016338627484,0.12953888491801,0
"D1",0.123819906801815,0.0826408891643191,0.0519608666811347,0.0828994358382577,0.112991307241748,0.145327417557964,0.0598992040851189,0.273606350376232,0.0666411841658527,0.000213438087558467,0
"E1",0.00761362702860132,0.113340417875188,0.148263041313723,0.244125964530671,0.143300228663591,0.102373643447686,0.0521229537081089,0.114673134700008,0.0149606089459291,0.059226379786494,0
"G1",0.0190007431694994,0.241700330323112,0.0907223471667568,0.0651644232445572,0.000116087023187947,0.000106259801905239,0.149658291687078,0.276898953754086,0.0185764993252176,0.138056064504601,0
"H1",0.0702478854298178,0.0149993105868854,0.0411751439603583,0.0490247307112948,0.097088188006587,0.028752784922247,0.0104365611156963,0.113115380844435,0.166059237307601,0.409100777115077,0
"I1",0.209342244484068,0.0347688545330129,0.156608248598201,0.0671990912879662,0.080909043362336,0.0806019042724705,0.0523447198051607,0.013046450036231,0.0340104679358924,0.271168975684661,0
"J1",0.15489166178975,0.270752972689159,0.0423433641107924,0.0311700569380099,0.0870475151097818,0.0324057016634046,0.0958203113035437,0.0711186052148486,0.0906820719948335,0.123767739185876,0
"K1",0.0207804906933149,0.0694750982381163,0.000105961512641408,0.0665452472593764,0.0161232449993679,0.0788461424324717,0.221628929369313,0.305210628479507,0.193588502929323,0.0276957540865694,0
"A2",0.0777634202016169,0.120879867822987,0.024986260026832,0.10782968076761,0.0769315674266838,0.000116808723492838,0.257917215970083,0.0172403006080666,0.284187182713883,0.0321476957387445,0
"B2",0.149880348331479,0.019449741936248,0.0644723316026603,0.000117898879771286,0.194793987897222,0.123646559392498,0.02509543383333,0.120029812805641,0.185582731869744,0.116931153451406,0
"C2",0.00122815206596914,0.00101784057952854,0.418596824463004,0.0166963108534616,0.207344296460803,0.000170395365199531,0.000110693109820495,0.106550176941001,0.000608487672669231,0.247676822488543,0
"D2",0.0461278178835063,0.129897006165159,0.11348507134006,0.131508126051708,0.0208214752713562,0.096689251375132,0.0696860955419275,0.203150719720832,0.141270952757773,0.0473634838925453,0
"E2",0.000117962514073088,0.145587387822038,0.000631708937087047,0.204799671891526,0.648178567045404,0.000164964534296679,0.000157075191886957,0.000152440762008008,0.000102713917626154,0.000107507384053695,0
"G2",0.063693609727865,0.00723202578480638,0.0521145772867378,0.0814809825419248,0.387117571153824,0.156387715507144,0.115045886688368,0.0651094228584311,0.000110695415232866,0.0717075130356662,0
"H2",0.213917941931087,0.160169838065046,0.105669818725908,0.0142151784969052,0.0598795260071377,0.178230878715289,0.000117385796452901,0.0217314684215274,0.0851151978248534,0.160952766015793,0
"I2",0.278124694229376,0.174935195508212,0.13259748841014,0.0380094379145834,0.000182887428835359,0.16424160073911,0.09133681401169,0.104619434512608,0.0157668804144352,0.00018556683101068,0
"J2",0.0891700792676284,0.0985348697716058,0.037605964108246,0.000406418910717153,0.117294076769775,0.28760668851583,0.0998603456276578,0.0822647411812873,0.0541291993230535,0.133127616524199,0
"K2",0.0829901361410231,0.0391385310774186,0.118102530353857,0.285839500564461,0.0572236590377514,0.0539257483890077,0.248755843375594,0.0282373221315489,0.0731943064627237,0.0125924224666141,0
"A3",0.00012554426289714,0.000161068895765989,0.00040048600864136,0.169923381964856,0.192751058598313,0.118455617232055,0.0857037635615159,0.000172496754363006,0.0298122237442286,0.279099793359989,0.123394565617374
"B3",0.0412177463627679,0.000100642461110213,0.000148620441843323,0.172959773712726,0.074093547167604,0.163481332623187,0.409487060866655,0.000595813356615597,0.090311386738459,0.0474983858348405,0.000105690434192476
"C3",0.0169964469441453,0.274755227238985,0.0554454780976669,0.134488156220987,0.000507561367026679,0.000104402284599239,0.0734669072403599,0.0379058612000226,0.356254854954355,0.0322716181039333,0.0178034863479185
"D3",0.000368081525733534,0.000314866728046427,0.14803263166455,0.343656585050305,0.000186056935031965,0.502495227933738,0.000719087410948104,0.000180433224623793,0.00186275711582845,0.00174470897645122,0.000439563434743543
"E3",0.0527806355234223,0.0619506546477278,0.237421733289775,0.0564944766766726,0.0533997530040012,0.0207271433025293,0.302497465421427,0.161150210691474,0.0194299458065454,0.0249280891090526,0.00921989252737239
"G3",0.453211477980592,0.078344636714851,0.000262901977966407,0.0497652783735283,0.000235214837257853,0.0874866699280024,0.000140748619031779,0.00027952854535875,0.245049168096528,0.0527781162765046,0.0324462586503793
"H3",0.0596089111833212,0.00876614131602898,0.305075541871579,0.207784452412006,0.0768919883386612,0.0562494459992212,0.038793222210356,0.0381032517344243,0.117235233990184,0.0822922445346932,0.00919956640952495
"I3",0.0391859552247706,0.178451012714313,0.176309155129764,0.0999076183985641,0.336250606291022,0.134921392534364,0.034379274671566,0.000103765125362356,0.000280588695311496,0.000101867243741336,0.00010876397122033
"J3",0.035327848894523,0.208038237249052,0.000105571007384559,0.278105104452027,0.162559499107896,0.000158409983734739,0.176505649624854,0.000100026667286566,0.00168521717969891,0.124596156799583,0.0128182790339594
"K3",0.354717548263101,0.00010572353938265,0.000100844140406113,0.0288668783916039,0.0433880994969373,0.148500953592158,0.0528817072061218,0.000127105599164453,0.037439258129177,0.000408892037586123,0.333462989604361
"A4",0.021671807720375,0.165432693309383,0.208367264276578,0.159584691595651,0.101229377830374,0.0545850630090042,0.0309397821942945,0.109184189332153,0.073621052649268,0.029121092127118,0.0462629859558006
"B4",0.0120263633203166,0.0744626272851012,0.128549399793332,0.0348910935673395,0.285526660521747,0.0170134823393872,0.148382453212775,0.110951960165836,0.127173484707752,0.0388677836053195,0.0221546914810931
"C4",0.0205370587436359,0.000100450148522543,0.00811942001234306,0.0957262379836169,0.132597162855706,0.165327897936573,0.12577091550385,0.0363823233264909,0.170171562377618,0.159229426593671,0.0860375445179723
"D4",0.0362726816803295,0.0211658381406478,0.000141551567050547,0.0121772928938524,0.0163169504036478,0.208797727189624,0.0709889609838719,0.310054295150327,0.0675490139832908,0.128047126546999,0.128488561460358
"E4",0.0733094774251195,0.0408782517423748,0.0467592982842674,0.0544362375934137,0.0851134273439418,0.000171293000896301,0.190810934162015,0.349793721862013,0.070664273003417,0.0488832097571538,0.0391798758253884
"G4",0.0966393946449851,0.049922175010404,0.225620087819905,0.0591068271790347,0.222647447406323,0.102179442523232,0.0581847985177271,0.0319258072111706,0.0145501126580977,0.139123441275506,0.000100465753614975
"H4",0.0889176097677111,0.051043057481797,0.253222874293231,0.138098690567971,0.0431615900595331,0.0405032097232501,0.0105427826325155,0.0209360116454814,0.0766837378818989,0.194419703868876,0.082470732077735
"I4",0.253278794083015,0.227654577493599,0.105818262597505,0.0422460688314167,0.00336726240805617,0.013684293846459,0.0425439975473632,0.212926901958278,0.021394744949394,0.0478284629673827,0.029256633317532
"J4",0.00625519949684364,0.0190899022319837,0.00997708048293032,0.137938271210963,0.360684883248215,0.0332251092680104,0.0305011920718913,0.0294102168629049,0.0731751170160101,0.0751290320029456,0.224613996107302
"K4",0.220813404985195,0.017184751616089,0.00838000279306225,0.113271986703186,0.0362440350989591,0.021795156581617,0.0566210479621276,0.206671512059688,0.000103510819901481,0.153348182307934,0.16556640907224
