"A","B","C","D","E","G","H","I","J","K","END"
"A1",0.020499067495096,0.0663687532626711,0.235909664356208,0.202729680349108,0.155212321960467,0.0493530467622944,0.0403545084266761,0.0162469836870632,0.134116330565887,0.0792096431345277,0
"B1",0.162858084039974,0.131551045995633,0.0358735343122607,0.0344448869408064,0.206687140634511,0.0138745700818676,0.330661669706857,0.0582503856826056,0.00010088410024107,0.0256977985052436,0
"C1",0.110098547615814,0.0469345051261951,0.0609051180746653,0.000100947147042411,0.254479835721254,0.0638669166620059,0.159338463380471,0.0193358982118469,0.0898042480720249,0.195135519988681,0
"D1",0.0678382941580803,0.281703707184242,0.0418233420684653,0.0289431524716466,0.000104434458323366,0.115637151918348,0.337612712783212,0.0137853009661764,0.11244914062572,0.000102763365786504,0
"E1",0.41654554759081,0.0176606810466458,0.0976086527974381,0.103253071129117,0.0440422644188663,0.111194281194512,0.0410294779572508,0.0810754055613037,0.0599876836439503,0.0276029346601058,0
"G1",0.0255007687524601,0.142124688623269,0.240877050711973,0.0823279406642166,0.242851750112638,0.0928353649083385,0.0098205371203654,0.0315691922228244,0.060475551632142,0.0716171552517727,0
"H1",0.180769851865836,0.0840675756703437,0.111506882609206,0.121404829407138,0.0624551258355799,0.0847112958759367,0.0963860358988669,0.091487206800459,0.0182316433025925,0.148979552734041,0
"I1",0.105226314378366,0.000152017215891762,0.0310077220779856,0.195531318327234,0.149417452358743,0.188693201394915,0.0582201128606331,0.000116452385849116,0.100161973171152,0.17147343582923,0
"J1",0.114067497174407,0.123148953187916,0.00765108395969293,0.0963082521609843,0.195373197512911,0.193703300491907,0.204850076416875,0.000103147332468403,0.0120078778272045,0.0527866139356336,0
"K1",0.00608134365386783,0.177806798064256,0.168719244718981,0.0803267801328104,0.161739277082212,0.115287760613368,0.0325710521623704,0.0940406881940637,0.0587121132185697,0.104714942159501,0
"A2",0.153576853141584,0.230486978168571,0.00468583440628636,0.0603918377881815,0.000114266973684025,0.194987390597741,0.0187864477926527,0.245495847138804,0.0637218003133202,0.0277527436791737,0
"B2",0.0496313578340635,0.0230928629008238,0.0436543629110497,0.000552081995276684,0.144323939679817,0.290051913440585,0.189966354299659,0.0240609975931312,0.014581984146365,0.22008414519923,0
"C2",0.0465694503230974,0.0998857592024795,0.456697632514877,0.000779839120738729,0.167877458452466,0.000125036232132265,0.00729910861618219,0.154401935382136,0.000311535235009419,0.0660522449208808,0
"D2",0.115369545944453,0.371697393936301,0.00022287556967817,0.0340959638063121,0.0877958800731128,0.0997465817836603,0.0497320893998251,0.114157612836589,0.0758667831157853,0.0513152735342836,0
"E2",0.0943839351632952,0.125054360797039,0.0483166560030371,0.186869324094146,0.258845855801084,0.0726908081377182,0.0416984788415429,0.0393617067579741,0.037152452843449,0.0956264215607146,0
"G2",0.150688347160519,0.164451819615532,0.208828002975126,0.000154619089679068,0.000105391723663378,0.0398327090707948,0.0441278165328305,0.247934225322841,0.143497206320092,0.000379862188922262,0
"H2",0.104192205189685,0.267642246453212,0.058964598723203,0.0543995743125285,0.123052894531007,0.239958066714446,0.0587946943280514,0.0383563358028084,0.0266422320728155,0.0279971518722434,0
"I2",0.000120303948070177,0.0685357309489934,0.402860069123579,0.0904687729267857,0.000130972514683335,0.000119029176201486,0.111802666681295,0.13371737134526,0.0258579410236734,0.166387142311459,0
"J2",0.147113880645303,0.286707804867665,0.0627402285794759,0.0132863929878493,0.000105450518436374,0.0864660255833426,0.000435226699929642,0.263356932876202,0.0415008026527965,0.0982872545889996,0
"K2",0.0644834700763466,0.000305172999923327,0.302141294580523,0.000173584923439985,0.0805605928001238,0.0851804713071258,0.209966670427853,0.000257566273879701,0.000147791579640379,0.256783385031145,0
"A3",0.000222742056818724,0.000135658417969731,0.323549423970508,0.143503140290631,0.0358012361073816,0.105610717836221,0.013156982850953,0.0675547805398244,0.00222851955709889,0.0649599158086615,0.243276882563933
"B3",0.0911301068649244,0.000265770744674476,0.000194874089856634,0.203954401533874,0.469118222318879,0.000239874881356241,0.0294852134428628,0.0265737108390984,0.000209504597857761,0.0811092284055951,0.0977190922810223
"C3",0.0553628040907926,0.000223872981185894,0.311179575386031,0.032938783013037,0.000118139418008638,0.00854475923273205,0.121521859977939,0.12370953733425,0.149236612634996,0.133207765920963,0.0639562900100648
"D3",0.0477116445057849,0.242031833177413,0.0670617842831667,0.000108030307813504,0.059751261146828,0.181868268908808,0.0355138745298438,0.209829733775499,0.117470857246184,0.000145387809176211,0.0385073243094823
"E3",0.1022985836513,0.101169254876858,0.000104067364079133,0.091638104813192,0.247245693865295,0.15199997567868,0.0763595882451154,0.0662050977242529,0.0349710688897137,0.000269472348363326,0.127739092543152
"G3",0.000349291210032184,0.0536938080187954,0.168965589743498,0.182147879930163,0.0485233272134527,0.0643776979751372,0.000101385173460757,0.0118958099281914,0.000121724155661555,0.423404194226302,0.0464192924253044
"H3",0.000250558655271287,0.000523980989789056,0.000103446098755296,0.171475559873752,0.000216764464783042,0.388497007707572,0.0247420265830819,0.000102346141906429,0.178955879792004,0.000262022083623409,0.234870407609462
"I3",0.199446420540952,0.203186032455847,0.09581477471054,0.151518425246767,0.075488350018277,0.0425445773779249,0.190671877479621,0.000212195793714144,0.0138539188074649,0.000133079590732031,0.0271303479781593
"J3",0.000110986927958319,0.26611241094062,0.166776794809035,0.22265600671606,0.148936244518909,0.0962069963409301,0.0450242966428868,0.000115058817646687,0.000211113702770679,0.0537499848270085,0.000100105756174639
"K3",0.0215392119485584,0.416244047735856,0.000374383875626366,0.00011357424207488,0.000130178504555178,0.00016657147550673,0.0357092209466531,0.432744685113593,0.0744334361487827,0.0184216885703117,0.000123001438482647
"A4",0.358461886284335,0.0980673426103453,0.0925227081113292,0.0427404122682545,0.0856679611704307,0.0319349419238989,0.071255979869971,0.0107559968353471,0.108995209816039,0.0728760239806861,0.0267215371293632
"B4",0.319881881396933,0.0124951294931008,0.357447367169038,0.136868026283642,0.0348059288234698,0.000113881629110419,0.000106423438910178,0.0258843283370301,0.000100002039417521,0.0383359223022333,0.0739611090871144
"C4",0.0153835632235526,0.0278611220217347,0.0495908899771086,0.36817851409562,0.033542518453458,0.17632997466283,0.06405102970846,0.0776116418153535,0.0983251911208301,0.0429325245634177,0.0461930303576342
"D4",0.0758805841484926,0.0750651599782824,0.105985544218098,0.0853432752962157,0.0123730637520811,0.0163285926788278,0.0410447601996489,0.112833209153363,0.0534220191348441,0.370628598386896,0.0510951930532511
"E4",0.109446684849799,0.211201819016522,0.151727588600321,0.210800951119411,0.0632617257554026,0.0268816508917037,0.000111224611383859,0.000106586926126077,0.125333925215682,0.000100343686777571,0.101027499326871
"G4",0.0360944515686942,0.0347442845470611,0.165115957085243,0.113888989233682,0.057258234964542,0.0480199707044057,0.0282493185315864,0.129884945444916,0.0853468130817852,0.247484634900363,0.0539123999377214
"H4",0.243828448921853,0.0525180640666074,0.0148576770446675,0.164108484328625,0.134219028904807,0.172679865638927,0.0296292920358316,0.00010221215462005,0.12694595347581,0.0228027904085936,0.0383081830196582
"I4",0.166620148884571,0.0420149633145434,0.0824216212282823,0.0328256904768385,0.112347897507377,0.0667935104499528,0.102377613434315,0.0687101171647993,0.0615072582043716,0.000113159220641847,0.264268020114308
"J4",0.0671017853306836,0.0169749587919185,0.315541524098273,0.0196110771233267,0.000101346955852822,0.0944982720570617,0.10387361672678,0.076743915001281,0.252218879585265,0.008769147522018,0.0445654768075404
"K4",0.0532967341951656,0.000110150720322713,0.0458253680929652,0.0195419348566761,0.00670470658135849,0.0519063983855813,0.154341474663283,0.260962470846076,0.0130163594151568,0.226448676437883,0.167845725805531
