"A","B","C","D","E","G","H","I","J","K","END"
"A1",0.0158749976185463,0.0749097496775084,0.270221032588092,0.177558428219896,0.0886706478660154,0.0649133927740732,0.108524422444035,0.0126655325912481,0.11772288071894,0.0689389155016449,0
"B1",0.0945252551160512,0.109085121851846,0.0223971423743504,0.0486174321996099,0.185436103551062,0.0179592876540221,0.379715225305414,0.0633117602391382,0.0311736634908726,0.0477790082176341,0
"C1",0.12420056036347,0.0546371412029832,0.0693656857697701,0.00596464987078237,0.192427511869522,0.065075113663966,0.20448460766185,0.0452682811481582,0.0993675195779095,0.13920892887159,0
"D1",0.0202775890075599,0.324539106441055,0.0794287718421424,0.0743178043702857,0.0567330249176901,0.167370482736326,0.184728647633452,0.0244555106751738,0.0479867332618763,0.0201623291144388,0
"E1",0.419491308770203,0.0292038732455562,0.0978773013261091,0.119047249701789,0.0423580271711558,0.088015537506316,0.0415199353964116,0.0963989089870549,0.041711091802565,0.0243767660928396,0
"G1",0.0280106792532617,0.178006267568992,0.301861947979358,0.0835771869868669,0.233302870064179,0.0944165158231415,0.00369116675302332,0.0347653274595147,0.0146174911432231,0.0277505469684405,0
"H1",0.14083191334528,0.102558277113121,0.0799775899655069,0.0190264002301076,0.102883988845139,0.0886711970136741,0.116546993921888,0.101776888283712,0.0523204711882084,0.195406280093362,0
"I1",0.110670350185545,0.000101530475780431,0.024588262932989,0.0659257658823599,0.189981090517995,0.170053848160229,0.167716992557757,0.0003210234878839,0.103662877653798,0.166978258145663,0
"J1",0.11684373147542,0.203141215533926,0.0381594934643257,0.0630944018181305,0.206349167154392,0.079828418488805,0.205564856999569,0.000139339280512706,0.000367711348939677,0.0865116644359792,0
"K1",0.0134181802860248,0.183071071361708,0.13560944116609,0.0912500426545461,0.124595073811661,0.113454172072786,0.0612543336972827,0.0626891166910469,0.0506168499120408,0.164041718346813,0
"A2",0.302090337830446,0.253478903271399,0.00687673579924765,0.105039750640899,0.000285418720505466,0.0521901909900945,0.0505509036800452,0.162439266719115,0.0668985727962654,0.000149919551982732,0
"B2",0.0116698540148853,0.0304165917898723,0.0517584004445659,0.0233788981764582,0.0365427169556292,0.358536019433736,0.194333489325055,0.0489226379670785,0.000127601119720528,0.244313790773,0
"C2",0.0292632321188099,0.00023951420537221,0.329431157485227,0.102580664536024,0.000351011641416037,0.100370197825503,0.000739472310797319,0.218235160653326,0.000166650220694384,0.21862293900283,0
"D2",0.0710949886577993,0.193483477739144,0.000170132386079232,0.0175014115895321,0.0434311529718121,0.0769994502860687,0.21302779368229,0.129608125326307,0.184307260125525,0.0703762072354423,0
"E2",0.141474527085321,0.140330283818283,0.062009191093036,0.116502503688255,0.163401401135955,0.0463275493063284,0.0198617128065102,0.059135121943365,0.0866030074848309,0.164354701638117,0
"G2",0.179569074130899,0.0533544920143001,0.145912584175534,0.0162769225825777,0.000143153422049294,0.0952097392138004,0.048417369834057,0.181409651247034,0.249605804124682,0.0301012092550679,0
"H2",0.0215141223568492,0.26856918319046,0.0288778007114631,0.202435645108599,0.122287150739227,0.188384243127342,0.0299716551893934,0.0638616493225978,0.0618664795195117,0.0122320707345574,0
"I2",0.0346623036250474,0.0897814606637329,0.209824184664651,0.271085125444365,0.00651697158485651,0.00706854753637514,0.132913346425783,0.154886174181001,0.000148727048707808,0.0931131588254813,0
"J2",0.187166676504031,0.00024974702805707,0.00169000927203315,0.0029698612770825,0.0211078290556731,0.208658451007911,0.212735819899404,0.267716741084106,0.0236300816970266,0.0740747831746758,0
"K2",0.336493864199251,0.000427488909966917,0.208789681375321,0.00888728769336557,0.128665668312966,0.000601575210802603,0.000260723432145238,0.0812731874922643,0.0557071188397661,0.178893404534151,0
"A3",0.0311715370260881,0.0300176739453378,0.168873953896675,0.10036210911734,0.1751056649347,0.0116123162357767,0.0523390165657323,0.249445861383449,0.0542781308121723,0.124817766066792,0.0019759700159381
"B3",0.106618345464864,0.0100942823571228,0.000603532290087768,0.242934511896742,0.425252988570809,0.00021337569410425,0.0747263225673718,0.0678031355396668,0.0128459978090797,0.0572817192969885,0.00162578851316274
"C3",0.052866228255695,0.0345433855228652,0.286032483554173,0.0274520183511321,0.0409694291361865,0.0575067092736318,0.0642359054991914,0.202968951624197,0.072292278521697,0.159444836733407,0.00168777352782442
"D3",0.0311960637899588,0.31496998596807,0.0272289648658357,0.0123881840936373,0.0581356286948888,0.224985828411449,0.0462061691435899,0.150457835776423,0.127095703748363,0.000222577215354356,0.00711305829243123
"E3",0.0533840423545524,0.11082595762493,0.00539370286071957,0.0581197787696809,0.275952408610459,0.218927844087052,0.0488322489120025,0.0373957320996888,0.0482675352164417,0.00611976294295421,0.136780986521518
"G3",0.0211547209165458,0.0208022067524733,0.311093993999298,0.170123288980462,0.0496566399254465,0.0273126479712228,0.0396466841969643,0.000225061804612862,0.0335062574081983,0.326343317330076,0.000135180714700652
"H3",0.0603876742881189,0.00164963860940579,0.00017147542959817,0.129692304975114,0.123617236982539,0.0212839094827405,0.0095387647671187,0.00037364245034173,0.294663775232996,0.126991621744467,0.23162995603756
"I3",0.000266077711113253,0.256023703795794,0.145693287589787,0.000517951565850292,0.195455758034837,0.0791530244258443,0.261853481616383,0.000639767266764658,0.0582316783390181,0.000202661403185922,0.00196260825142241
"J3",0.0231877412626444,0.241005582576403,0.222128954566631,0.14327360406054,0.0195585114457808,0.064920175855927,0.0994863249624111,0.0931156901637624,0.0807316788365989,0.012414125681639,0.000177610587663498
"K3",0.00867595554427172,0.373541434631569,0.0364699613229251,0.00638049732083926,0.0478838140821519,0.0128287370667359,0.010989936262009,0.391782155500469,0.0696773081735077,0.0416226993278153,0.000147500767706059
"A4",0.305839465707191,0.112205284750781,0.0979967571258956,0.0269065431592055,0.0744928192152309,0.0577722036625106,0.0496572400438425,0.00898005726966154,0.0977867309209039,0.0878895951838823,0.0804733029608948
"B4",0.243738297439309,0.0683382046138305,0.276015989364299,0.0925187785436047,0.000327180409775214,0.000114046231988742,0.000158766324909903,0.102463330388612,0.0190564718489857,0.0247226244812568,0.172546310353429
"C4",0.0184703830751739,0.00216740497628586,0.0549907239218552,0.454496251544285,0.0135555012352324,0.12964013379039,0.0770796567820076,0.0413818498349852,0.0678291607908596,0.024065262482675,0.11632367156625
"D4",0.0873169672730426,0.0530070656465037,0.0725461491886859,0.0511617095897167,0.0347937161638644,0.0147098707854511,0.0216857700895194,0.162324678379021,0.114761298389331,0.312883873793653,0.0748089007012116
"E4",0.0753562291290106,0.0669523628861552,0.331908786237414,0.165847667933848,0.0637147133206627,0.000127438765105532,0.0376769936675252,0.0152343394148073,0.130601035178802,0.00814462828259986,0.104435805184069
"G4",0.0332338009723044,0.0137437285820066,0.190200218971416,0.0814615790637211,0.0608822932175497,0.0696589569292138,0.0240366194251248,0.17064963059795,0.096420781053,0.19198168553164,0.067730705656074
"H4",0.255518452184724,0.0383290095318342,0.00747625612655967,0.166079575714701,0.0862747013479462,0.205718278932364,0.0414391331883419,0.0039853619696651,0.104584709722806,0.0607262393875399,0.0298682818935179
"I4",0.16876058843192,0.0063220378619391,0.0641899755553001,0.0711786220570122,0.0667032894631954,0.110284285235053,0.131551305029777,0.0901481798910416,0.0893199328360416,0.00287497153204511,0.198666812106675
"J4",0.135791563738902,0.000222395880401523,0.273465451288185,0.0376335923077421,0.00716196787646666,0.0509151890761729,0.137121883546692,0.113953885781855,0.212533563428796,0.00427823029686028,0.026922276777926
"K4",0.0711120857931532,0.00780495956362356,0.0457509129298586,0.026801414120294,0.000102058463852176,0.0760206760754376,0.143033110667512,0.266631079703382,0.01195421771908,0.234480075533907,0.1163094094299
