"A","B","C","D","E","G","H","I","J","K","END"
"A1",0.0346205334173234,0.0304520596952882,0.121549411088137,0.263305525145183,0.118173852526096,0.131403008165571,0.0593596132492143,0.102424974819236,0.0201317843062533,0.118579237587697,0
"B1",0.198108520368491,0.0797983660446299,0.0607891554136116,0.000107551269849137,0.20859342499543,0.00011431358816507,0.129407130464572,0.134995984966072,0.000130506193386219,0.187955046695794,0
"C1",0.0899657911923355,0.0787856060886053,0.0301170144271496,0.234782953141694,0.169983947250987,0.144735063771798,0.1260122163112,0.0469715004790986,0.0485419476417059,0.0301039596954258,0
"D1",0.500572000514899,0.10501923456337,0.035361073673603,0.000234644448589205,0.201580108558234,0.00032473821597723,0.000132106325401137,0.0622886641451555,0.000174578856354664,0.0943128506984161,0
"E1",0.108437388682494,0.0710910120474531,0.100924272366412,0.000160689922787333,0.1107380028589,0.0538792386987153,0.172241635616297,0.000134941860347658,0.337498019337056,0.0448947986095385,0
"G1",0.0645500222140708,0.0174319612378287,0.188898817626561,0.071701803223194,0.238740379449819,0.103795722403053,0.137599165232454,0.000137221270009373,0.000364294673520063,0.17678061266949,0
"H1",0.171952044384483,0.0145258767398126,0.10325970562647,0.102427018114684,0.104575017892413,0.000105364952562115,0.0174512130773995,0.000111467534007807,0.28661797118773,0.198974320490438,0
"I1",0.298869080620467,0.268539539286604,0.000103809404714239,0.048271564243337,0.000119993946217827,0.0297631405335425,0.0618802507418768,0.0975814589777994,0.0869091886081193,0.107961973637323,0
"J1",0.216303769139365,0.0322560659154321,0.000192935105570989,0.0910519024493936,0.000192103542394968,0.110109236745016,0.188680503788563,0.0314804480484948,0.171484186945479,0.158248848320291,0
"K1",0.140379940514528,0.0140652350617852,0.189514883261488,0.0396231448605247,0.0676483284160886,0.132920879812611,0.0519612494252435,0.0163197568656748,0.0513813186815748,0.296185263100481,0
"A2",0.0440316179546886,0.000100751503000862,0.139126337411039,0.122358231181391,0.000102932969030487,0.0663064937344769,0.266942903634573,0.23369896942745,0.000114656832482672,0.127217105351869,0
"B2",0.000104249533221021,0.227182248244441,0.000108367495020108,0.000142748344101645,0.0103480980096505,0.000166314969693046,0.000128589506528601,0.509784577911659,0.251821299944318,0.000213506041367991,0
"C2",0.137554857191297,0.000100115383647951,0.440076398126067,0.22359542418323,0.000241805544453525,0.0539011082333948,0.000177282229271989,0.0677649843481407,0.000177268780787239,0.0764107559797096,0
"D2",0.127908234615947,0.0960705700519708,0.0853462515604252,0.137167180265201,0.0732070352517165,0.108460709864293,0.0335055265948129,0.286610627045484,0.0516101690345748,0.000113695715575005,0
"E2",0.000173402923807262,0.149845296867453,0.228590127783946,0.0746818132646219,0.0578583436835316,0.001436497562761,0.0450196103031583,0.192601179858805,0.134502514347868,0.115291213404048,0
"G2",0.0993837484148073,0.000101274961810897,0.000220801931002616,0.000139019231105586,0.155182766422517,0.131279550819921,0.0570989389633145,0.175174421686075,0.250358237091969,0.131061240477478,0
"H2",0.326867669541489,0.000105419816368993,0.000254677451442196,0.155166928419957,0.000171845107562004,0.0676417476080776,0.247413421047217,0.136242417585167,0.000126713715097705,0.0660091597076215,0
"I2",0.0142387269792694,0.0534512753957554,0.140939859525755,0.0224554074791982,0.162494218665464,0.000111734624276775,0.0666728150904098,0.223157492499898,0.06772993141483,0.248748538325142,0
"J2",0.0357549183100706,0.182808432624849,0.214827698030265,0.189442797836052,0.0455237775653621,0.285474085608934,0.000122590051331897,0.0209976712018472,0.0248956519492924,0.000152376821995672,0
"K2",0.000140115002939122,0.146569206255115,0.0356223009342416,0.00231745582738098,0.129215932845805,0.000437334132139551,0.000108449477370019,0.286089541133913,0.399079668015874,0.0004199963752224,0
"A3",0.214431910861026,0.106426908128785,0.000100610371414739,0.000111095959103476,0.0425852660803285,0.105055191029965,0.105147699074761,0.124075661606843,0.212901619758687,0.064744411737216,0.0244196253918698
"B3",0.126529265738579,0.000130243078411462,0.000555927747155137,0.116743604254804,0.000166365633828853,0.173425910733477,0.455423387530674,0.126580120481756,0.00018191974781905,0.000106213010002057,0.000157042043492595
"C3",0.000213914340860107,0.000138715607171662,0.000192422941316555,0.149578796587697,0.243311834184132,0.101128323544702,0.000217051561060615,0.0779282133056496,0.133093791116415,0.293755761375633,0.000441175435361205
"D3",0.000103725393534495,0.000426047996448353,0.211951759390266,0.0717237780342378,0.124667201989476,0.329086182804984,0.0712836828782143,0.153971522143316,0.0364513724684992,0.000103028041440933,0.000231698859582653
"E3",0.199547842085987,0.141459797428864,0.250637373761889,0.000267781415683776,0.000101493678551425,0.209871032824105,0.020142863614522,0.148900504491914,0.000103614168517466,0.000111857569172164,0.0288558389607947
"G3",0.000110273825524325,9.99242709848519e-05,0.0352569804181007,0.0352575439389161,0.606788302825988,0.00174215462268429,0.00502207851195519,0.18035318964346,0.000296600177301839,0.111383200016921,0.0236897517481642
"H3",0.000141819972085371,9.99192994617878e-05,0.143794980394145,0.380155419062417,0.131295056352027,0.000120327379929757,0.295593062173529,0.000104310831355677,0.0474572366930178,0.000129620900469708,0.0011082469415626
"I3",0.120135640226381,0.0187273259891438,0.000204645960794749,0.000178659341899707,0.210008483962915,0.0357684725792033,0.386525001890424,0.000449781079650014,0.226827075151368,0.00023865055817568,0.00093626326004511
"J3",0.283937574787328,0.000139205493715056,0.107206043326485,0.188167800317361,0.230244854642831,0.0316363507915556,0.105315572014158,0.000145581987343424,0.000101273131549719,0.0529675150436847,0.000138228463988362
"K3",0.0821591272975542,0.27607045528562,0.0286898282300587,0.154491368257708,0.0264858582491777,0.000278866861990151,0.000101731010908867,0.000103430216603733,0.13393300757582,0.280868295620515,0.0168180313940445
"A4",0.0436676254170808,0.10358130598438,0.000100148703763551,0.000115834045686423,0.000105782299266099,0.377634213343677,0.000104141470751171,0.105628146078367,0.262969128329082,0.022599773121843,0.0834939012061029
"B4",0.127161437369972,0.194461154599161,0.12285855282578,0.000110175218367822,0.1361369265319,0.101924679644325,0.000107901088902851,0.000100170678513724,0.083142832812104,0.034783122696004,0.19921304653497
"C4",0.159959377564884,0.0816164811332919,0.0423018627695874,0.000230623996665678,0.000106354635440851,0.000101244348223441,0.254404870543359,0.0452803859744665,0.187104004170296,0.0427932263962088,0.186101568467576
"D4",0.0874474561286456,0.0434097099506861,0.109900439038702,0.217566226404123,0.0530664895877031,0.0916946382885077,0.000168814250011959,0.000107839528116906,0.119752760932999,9.99015644533183e-05,0.276785724326052
"E4",0.000132453105864739,0.0359997000273988,0.000378046238039852,0.123528778016132,0.127500356285931,0.292686810787961,0.00013630992542152,0.161153858624898,0.0529568385436274,0.0187874742287548,0.186739374215971
"G4",0.0391178378680958,0.000107126095695711,0.000100335929814854,0.000101732607103777,0.0544258376888375,0.0339407786109163,0.0833277527973538,0.111406160207029,0.0914940239667102,0.0242669823090193,0.561711431919424
"H4",0.0641555750892163,0.000100819907743578,0.0854828832775917,0.0338955373917525,0.210882015777124,0.0544535940320838,0.000263307657016839,0.000110435189778252,0.375137330991387,0.0951797565890358,0.0803387440972704
"I4",0.179170672160621,0.000100138521448055,0.0294810330632253,0.238158524007796,0.196560381585937,0.000106101057659221,0.128184583896488,9.99294013285278e-05,0.000139711979338115,0.0296735407733652,0.198325383552794
"J4",0.113776862872624,0.105994049786446,0.0579501637210198,0.000103943368078192,0.0527087432057384,0.181707950262642,0.0815374768624498,0.103155982718685,0.0596476574410156,0.0711623109839214,0.17225485877738
"K4",0.048677840277145,0.000110575058991793,0.0465421698648824,0.110782432912393,9.99444636609477e-05,0.34060511658658,0.301468942326487,0.000100608955785255,0.151400146976709,0.000100441191708673,0.000111781385657544
